10 1 90.7008544921875 257.79678714077306 863.927001953125 0.953857421875 0 0
20 2 5.152844238281251 6.748780669564201 863.927001953125 0.89306640625 90.7008544921875 10
30 3.8 7.129831414473684 7.789790947688346 863.927001953125 0.759033203125 33.66884765625 30
40 6.2 6.532647901965726 7.609767351746985 863.927001953125 0.7548828125 18.838220932904413 68
50 15.4 6.639149058948863 7.858315294347012 863.927001953125 0.718994140625 12.9694091796875 130
60 29.8 6.743909592596478 8.081720292544652 863.927001953125 0.718994140625 9.536803339568662 284
70 61.8 7.959418534460961 8.885591958589183 863.927001953125 0.7099609375 8.106764960534793 582
80 45.4 986.7935898566566 1515.2307625396465 7027.136962890625 0.47607421875 8.030881551106772 1200
90 66.5 2717.8615906220616 3615.107922861338 15059.400146484375 0.47607421875 276.6876346168381 1654
100 63.3 7511.260378483533 5507.047748866966 15059.400146484375 0.47607421875 976.7224257955675 2319
110 40.1 14329.687243073955 11399.229705137044 31094.4169921875 0.47607421875 2377.9292428861777 2952
120 54.1 24009.21648820183 11792.429255078127 31119.73095703125 0.47607421875 3807.2924871675073 3353
130 25.5 19301.25927830115 13652.818798127953 31119.73095703125 0.47607421875 6613.97992542112 3894
140 44.1 56924.97704192356 13579.909359245912 63216.732177734375 0.47607421875 7393.747636914109 4149
150 64 56762.94910240173 18945.323831995756 63217.222900390625 0.47607421875 12152.63046210129 4590
160 17.7 24591.283452782925 29789.16498984321 63217.222900390625 0.47607421875 17611.636949633277 5230
170 0.7 6448.280552455357 7441.4807131167045 63217.222900390625 0.47607421875 17840.118072447684 5407
180 0 0 0 63217.222900390625 0.47607421875 17825.389061985927 5414
190 0 0 0 63217.222900390625 0.47607421875 17825.389061985927 5414
200 0 0 0 63217.222900390625 0.47607421875 17825.389061985927 5414
210 0 0 0 63217.222900390625 0.47607421875 17825.389061985927 5414
220 7.3 1.7518193493150682 0.5446596802662401 63217.222900390625 0.47607421875 17825.389061985927 5414
230 53.3 1.7481728387371 1.7750657184629208 63217.222900390625 0.47607421875 17588.260299690963 5487
240 0 0 0 63217.222900390625 0.47607421875 16031.182066532783 6020
250 0.3 11.437337239583334 7.386984934371206 63217.222900390625 0.47607421875 16031.182066532783 6020
260 0 0 0 63217.222900390625 0.47607421875 16023.202781427706 6023
270 0 0 0 63217.222900390625 0.47607421875 16023.202781427706 6023
280 0 0 0 63217.222900390625 0.47607421875 16023.202781427706 6023
290 0 0 0 63217.222900390625 0.47607421875 16023.202781427706 6023
300 0 0 0 63217.222900390625 0.47607421875 16023.202781427706 6023
310 0 0 0 63217.222900390625 0.47607421875 16023.202781427706 6023
320 0 0 0 63217.222900390625 0.47607421875 16023.202781427706 6023
330 0 0 0 63217.222900390625 0.47607421875 16023.202781427706 6023
