10 0.7 2939.4955705915177 1648.803253706087 5721.72802734375 763.281982421875 0 0
20 1.3 4403.079026442308 1433.533757215098 8406.0908203125 763.281982421875 2939.4955705915177 7
30 4.6 7095.222205120583 3730.542243130114 16457.89697265625 763.281982421875 3890.824816894531 20
40 9.4 5146.621358668549 3659.420901488983 16457.89697265625 1.387939453125 6124.192693536931 66
50 60.3 1450.02343871463 3543.3776801608715 17055.10693359375 0.670166015625 5549.869534301756 160
60 157.8 780.2522415141792 3011.6874179163806 24299.427978515625 0.630859375 2309.7552543030183 763
70 286.3 749.2422112915606 2375.428142265666 27149.77197265625 0.462158203125 1278.7617668272437 2341
80 309 1094.9812759942606 1932.7039443637252 27149.77197265625 0.462158203125 987.444609352482 5204
90 302.8 1502.5494145301416 2432.053512480056 27149.77197265625 0.444091796875 1027.508305991389 8294
100 322.6 2400.379546873181 4323.692626849053 28367.4501953125 0.444091796875 1154.5551596087132 11322
110 296.4 4179.196213201002 8035.8285738559125 36703.26318359375 0.402099609375 1430.815090411241 14548
120 319.4 4751.454832379205 10124.359664429545 44074.404052734375 0.402099609375 1895.9933480602162 17512
130 307.2 4531.327318827308 10639.041919566975 59125.018798828125 0.402099609375 2336.462003566584 20706
140 274.2 9731.759477143743 21387.680266643063 67984.21801757813 0.402099609375 2620.0277470471515 23778
150 288.7 11446.782544697948 23848.138531166613 71998.826171875 0.402099609375 3355.335756244921 26520
160 289 5782.999324262683 17439.92650093468 77791.15405273438 0.402099609375 4149.704677871197 29407
170 178.9 1133.0359579974413 4492.9486328772655 80467.63110351563 0.402099609375 4295.855141631652 32297
180 62.8 1034.2035530236117 980.6117005796062 80467.63110351563 0.402099609375 4129.854921027251 34086
190 7.6 7.771943744860196 9.345794496022327 80467.63110351563 0.402099609375 4073.852470744763 34714
200 0.3 5.867024739583333 1.4211719344399252 80467.63110351563 0.402099609375 4064.969972324183 34790
210 0 0 0 80467.63110351563 0.402099609375 4064.619979255383 34793
220 0 0 0 80467.63110351563 0.402099609375 4064.619979255383 34793
230 192 832.6297204335525 8904.49907867026 137363.85693359375 0.402099609375 4064.619979255383 34793
240 184.8 707.3970347482921 2195.915830865135 137363.85693359375 0.402099609375 3895.594802970745 36713
250 74.9 1808.0099406630718 2395.5493195298873 137363.85693359375 0.402099609375 3742.8033951837297 38561
260 26.1 313.07423558728453 380.747022592843 137363.85693359375 0.402099609375 3705.938467749592 39310
270 2.5 8.005439453125 3.902425501745886 137363.85693359375 0.402099609375 3683.5600197802614 39571
280 0.4 7.12628173828125 1.6373771888510205 137363.85693359375 0.402099609375 3681.2393594987134 39596
290 0 0 0 137363.85693359375 0.402099609375 3680.8682369656062 39600
300 0 0 0 137363.85693359375 0.402099609375 3680.8682369656062 39600
310 0 0 0 137363.85693359375 0.402099609375 3680.8682369656062 39600
320 0 0 0 137363.85693359375 0.402099609375 3680.8682369656062 39600
330 0 0 0 137363.85693359375 0.402099609375 3680.8682369656062 39600
