10 0.9 2584.0367567274307 1076.161999914243 4630.31103515625 763.281982421875 0 0
20 2.1 3997.8023856026784 1116.3202978976974 6716.323974609375 763.281982421875 2584.0367567274307 9
30 6.5 5610.081531700721 2230.1989071784137 12008.847900390625 763.281982421875 3573.6726969401043 30
40 17.1 3244.484894691156 1979.5021233211774 12008.847900390625 0.6201171875 4967.00505756579 95
50 99 1016.7908807311373 2573.466654525767 12008.847900390625 0.60791015625 3859.6706671463826 266
60 234.3 513.7319568303515 2086.187221376597 12169.829833984375 0.593994140625 1618.865739956022 1256
70 426.9 476.90752720603945 1525.5017550627608 12756.52490234375 0.41015625 899.4079867291686 3599
80 423.5 789.9417556564515 1537.7470314654877 12756.52490234375 0.41015625 670.1687313015835 7868
90 418.9 1080.6529603085244 2089.4217928406197 19229.48193359375 0.41015625 712.0788988751493 12103
100 458.1 1686.79007439654 3769.9114378561803 28367.4501953125 0.41015625 806.8466832689872 16292
110 406.3 3082.70294202973 7084.866255624764 36703.26318359375 0.40087890625 999.9679727221238 20873
120 440.1 3426.866811664339 8862.184827426041 44074.404052734375 0.40087890625 1339.322808313109 24936
130 412.4 3380.6136484673357 9370.91140780979 59125.018798828125 0.40087890625 1652.4864296359697 29337
140 351 7581.4851048483215 19310.39790319202 67984.21801757813 0.40087890625 1865.4745845165935 33461
150 418.3 7901.4147671984965 20495.68454053231 71998.826171875 0.40087890625 2408.1484891003042 36971
160 392.4 4264.702357300928 15170.887485496914 77791.15405273438 0.40087890625 2966.49841477666 41154
170 205.7 961.818827241963 4093.8515053866217 80467.63110351563 0.40087890625 3079.505918890978 45078
180 64.1 970.8506937250148 730.2495213792854 80467.63110351563 0.40087890625 2987.088769267089 47135
190 7.6 7.771943744860196 9.345794496022327 80467.63110351563 0.40087890625 2960.037350010088 47776
200 0.3 5.867024739583333 1.4211719344399252 80467.63110351563 0.40087890625 2955.348472410904 47852
210 0 0 0 80467.63110351563 0.40087890625 2955.1635712648795 47855
220 0 0 0 80467.63110351563 0.40087890625 2955.1635712648795 47855
230 314.9 164.08024085957285 941.855781774671 80467.63110351563 0.40087890625 2955.1635712648795 47855
240 234.5 606.187838985876 1898.966671519511 80467.63110351563 0.40087890625 2782.841372859925 51004
250 80 1529.4776998901361 1525.539511743364 80467.63110351563 0.40087890625 2687.1647428024794 53349
260 27.2 300.4109640682444 335.14733260482427 80467.63110351563 0.40087890625 2670.0610172612896 54149
270 2.5 8.005439453125 3.902425501745886 80467.63110351563 0.40087890625 2658.2173390034754 54421
280 0.4 7.12628173828125 1.6373771888510205 80467.63110351563 0.40087890625 2657.0004397365183 54446
290 0 0 0 80467.63110351563 0.40087890625 2656.805774968254 54450
300 0 0 0 80467.63110351563 0.40087890625 2656.805774968254 54450
310 0 0 0 80467.63110351563 0.40087890625 2656.805774968254 54450
320 0 0 0 80467.63110351563 0.40087890625 2656.805774968254 54450
330 0 0 0 80467.63110351563 0.40087890625 2656.805774968254 54450
