50 1.3 20879.684701772836 9932.10679999278 42207.031005859375 5364.675048828125 0 0
60 8.8 20342.477075750183 12031.764382106596 53569.954833984375 5364.675048828125 20879.684701772836 13
70 22.7 20481.863757700652 11462.84959777252 63990.73388671875 4151.81298828125 20411.622611772902 101
80 31.5 19293.48552439855 9558.408617168874 63990.73388671875 4151.81298828125 20460.23462435095 328
90 37.6 21366.702997085882 7128.161219072641 71630.59008789063 4151.81298828125 19888.654583161206 643
100 33.6 24043.05857340495 6127.268017301443 71630.59008789063 4151.81298828125 20434.038492519085 1019
110 32.5 25759.143769531238 6287.499282750935 71630.59008789063 4151.81298828125 21328.968933240598 1355
120 41.1 32858.58368796095 6353.392132332721 71630.59008789063 4151.81298828125 22185.99680335635 1680
130 46.3 43404.5967519278 7181.280746384505 74343.0341796875 4151.81298828125 24283.7649571452 2091
140 44.4 53232.39105774475 6908.582663526393 105218.90795898438 4151.81298828125 27750.070799347366 2554
150 30.5 64305.11964571593 8682.026844378539 105218.90795898438 4151.81298828125 31523.9701304776 2998
160 36.9 78148.70117385981 6129.058100272895 105218.90795898438 4151.81298828125 34550.991202880774 3303
170 38.2 85317.86513786917 4842.15638960264 105218.90795898438 4151.81298828125 38932.13362643504 3672
180 24.8 92250.93731591011 4420.262895244857 105218.90795898438 4151.81298828125 43302.96476540096 4054
190 3.7 99670.83111407305 4991.950189458204 113552.203125 4151.81298828125 46124.69818997703 4302
200 0.2 106371.33410644531 5478.4119873046875 113552.203125 4151.81298828125 46581.30268829267 4339
210 0 0 0 113552.203125 4151.81298828125 46608.849351005476 4341
220 0 0 0 113552.203125 4151.81298828125 46608.849351005476 4341
230 2.5 147131.412265625 6772.004842328695 168414.81103515625 4151.81298828125 46608.849351005476 4341
240 24.7 150294.4259077683 3358.2175974677602 168414.81103515625 4151.81298828125 47184.44808505621 4366
250 22.2 158847.94328679275 3906.0822463428053 174681.69677734375 4151.81298828125 52705.40289151836 4613
260 10.2 167802.3360571768 3819.5831086065164 181208.31396484375 4151.81298828125 57578.959037899105 4835
270 1.1 176520.94939630682 2227.6683163532252 181208.31396484375 4151.81298828125 59856.20928217019 4937
280 0.2 185281.82202148438 1134.780029296875 186416.60205078125 4151.81298828125 60115.56905202781 4948
290 0 0 0 186416.60205078125 4151.81298828125 60166.14127544981 4950
300 0 0 0 186416.60205078125 4151.81298828125 60166.14127544981 4950
310 0 0 0 186416.60205078125 4151.81298828125 60166.14127544981 4950
320 0 0 0 186416.60205078125 4151.81298828125 60166.14127544981 4950
330 0 0 0 186416.60205078125 4151.81298828125 60166.14127544981 4950
