10 3.06640625 3.06640625
20 8.36796875 11.434375
30 19.30390625 30.73828125
40 68.28046875 99.01875
50 234.51484375 333.53359375
60 473.771875 807.30546875
70 796.18203125 1603.4875
80 703.15 2306.6375
90 736.0640625 3042.7015625
100 742.57265625 3785.27421875
110 669.88203125 4455.15625
120 700.3109375 5155.4671875
130 650.96796875 5806.43515625
140 588.5890625 6395.02421875
150 725.18203125 7120.20625
160 631.57734375 7751.78359375
170 367.98203125 8119.765625
180 108.2046875 8227.9703125
190 18.88125 8246.8515625
200 0.4375 8247.2890625
210 0 8247.2890625
220 9.88203125 8257.17109375
230 509.60234375 8766.7734375
240 370.40859375 9137.18203125
250 130.91015625 9268.0921875
260 61.80390625 9329.89609375
270 7.778125 9337.67421875
280 0.58203125 9338.25625
290 0 9338.25625
300 0 9338.25625
310 0 9338.25625
320 0 9338.25625
330 0 9338.25625
