10 34.83359375 34.83359375
20 75.14296875 109.9765625
30 228.084375 338.0609375
40 381.69609375 719.75703125
50 691.925 1411.68203125
60 1009.6921875 2421.37421875
70 1748.42265625 4169.796875
80 1695.3296875 5865.1265625
90 1720.1546875 7585.28125
100 1873.95859375 9459.23984375
110 1672.346875 11131.58671875
120 1875.828125 13007.41484375
130 1689.42265625 14696.8375
140 1546.8984375 16243.7359375
150 1571.2390625 17814.975
160 1537.259375 19352.234375
170 1184.55234375 20536.78671875
180 901.784375 21438.57109375
190 91.59375 21530.16484375
200 2.46171875 21532.6265625
210 0 21532.6265625
220 0 21532.6265625
230 1661.30546875 23193.93203125
240 1127.2359375 24321.16796875
250 1076.371875 25397.53984375
260 395.8125 25793.35234375
270 32.14140625 25825.49375
280 3.615625 25829.109375
290 0 25829.109375
300 0 25829.109375
310 0 25829.109375
320 0 25829.109375
330 0 25829.109375
