10 0.9 486.04747178819446 728.6218621255998 2088.508056640625 1.134033203125 0 0
20 0.4 5.62847900390625 7.30501857430584 2088.508056640625 1.134033203125 486.04747178819446 9
30 0 0 0 2088.508056640625 1.134033203125 338.2262432391827 13
40 0 0 0 2088.508056640625 1.134033203125 338.2262432391827 13
50 0 0 0 2088.508056640625 1.134033203125 338.2262432391827 13
60 0 0 0 2088.508056640625 1.134033203125 338.2262432391827 13
70 0 0 0 2088.508056640625 1.134033203125 338.2262432391827 13
80 0 0 0 2088.508056640625 1.134033203125 338.2262432391827 13
90 0 0 0 2088.508056640625 1.134033203125 338.2262432391827 13
100 0 0 0 2088.508056640625 1.134033203125 338.2262432391827 13
110 0 0 0 2088.508056640625 1.134033203125 338.2262432391827 13
120 0 0 0 2088.508056640625 1.134033203125 338.2262432391827 13
130 0 0 0 2088.508056640625 1.134033203125 338.2262432391827 13
136 0 0 0 2088.508056640625 1.134033203125 338.2262432391827 13
