10 1.2 2044.0789998372395 655.3319312094947 3214.967041015625 1200.60009765625 0 0
20 3.1 1329.9204810357862 1078.9305047299433 3932.659912109375 92.2041015625 2044.0789998372395 12
30 2.6 229.6358642578125 873.9328576687399 4579.527099609375 10.984130859375 1529.2205327943313 43
40 1 31.86982421875 17.632009310228884 4579.527099609375 8.00390625 1039.5219620414402 69
50 0.4 19.67950439453125 1.011410056707702 4579.527099609375 8.00390625 911.9710585195807 79
60 0.5 18.863232421875 0.6263657791412098 4579.527099609375 8.00390625 868.9690559111446 83
70 0.1 58.440185546875 0.0 4579.527099609375 8.00390625 820.6675886674361 88
80 0.2 14.948486328125 4.33251953125 4579.527099609375 8.00390625 812.1032358233848 89
90 0 0 0 4579.527099609375 8.00390625 794.5833512190934 91
100 0 0 0 4579.527099609375 8.00390625 794.5833512190934 91
110 0 0 0 4579.527099609375 8.00390625 794.5833512190934 91
120 0 0 0 4579.527099609375 8.00390625 794.5833512190934 91
130 0 0 0 4579.527099609375 8.00390625 794.5833512190934 91
136 0 0 0 4579.527099609375 8.00390625 794.5833512190934 91
