10 2.2 1245.8205233487215 447.15795788062627 2278.04296875 396.007080078125 0 0
20 4.3 891.7797567678052 506.90591162008775 2692.038818359375 47.631103515625 1245.8205233487215 22
30 3 199.00694173177084 695.3452028944134 3912.845947265625 10.56103515625 1011.6089393028847 65
40 1 31.86982421875 17.632009310228884 3912.845947265625 8.00390625 754.9977821751645 95
50 0.4 19.67950439453125 1.011410056707702 3912.845947265625 8.00390625 686.1284528459821 105
60 0.5 18.863232421875 0.6263657791412098 3912.845947265625 8.00390625 661.6716107009747 109
70 0.1 58.440185546875 0.0 3912.845947265625 8.00390625 633.4782607764529 114
80 0.2 14.948486328125 4.33251953125 3912.845947265625 8.00390625 628.4779296875 115
90 0 0 0 3912.845947265625 8.00390625 617.9902468950321 117
100 0 0 0 3912.845947265625 8.00390625 617.9902468950321 117
110 0 0 0 3912.845947265625 8.00390625 617.9902468950321 117
120 0 0 0 3912.845947265625 8.00390625 617.9902468950321 117
130 0 0 0 3912.845947265625 8.00390625 617.9902468950321 117
136 0 0 0 3912.845947265625 8.00390625 617.9902468950321 117
