40 0.3 29356.920003255207 3474.8060805966707 33370.998046875 24894.927001953125 0 0
50 0.3 39854.607584635414 2341.375321710878 42775.9150390625 24894.927001953125 29356.920003255207 3
60 0.1 44341.924072265625 0.0 44341.924072265625 24894.927001953125 34605.76379394531 6
70 0.4 57411.050231933594 4175.754722586394 62498.59814453125 24894.927001953125 35996.643833705355 7
80 0 0 0 62498.59814453125 24894.927001953125 43783.70070578835 11
90 0.2 67878.47009277344 370.5150146484375 68248.98510742188 24894.927001953125 43783.70070578835 11
100 0 0 0 68248.98510742188 24894.927001953125 47490.588303786055 13
110 0 0 0 68248.98510742188 24894.927001953125 47490.588303786055 13
120 0 0 0 68248.98510742188 24894.927001953125 47490.588303786055 13
130 0 0 0 68248.98510742188 24894.927001953125 47490.588303786055 13
136 0 0 0 68248.98510742188 24894.927001953125 47490.588303786055 13
