10 0.6 924.0069986979166 971.0014646663857 2226.037841796875 1.4970703125 0 0
20 1 1.479736328125 0.1344538080529479 2226.037841796875 1.24609375 924.0069986979166 6
30 0.6 1.7568359375 0.6022270297352822 2226.037841796875 1.24609375 347.4274597167969 16
40 0.3 1.516357421875 0.17497815949527531 2226.037841796875 1.24609375 253.1536532315341 22
50 0.2 4.5760498046875 3.1119384765625 2226.037841796875 1.24609375 222.957177734375 25
60 0.2 3.0440673828125 1.5819091796875 2226.037841796875 1.24609375 206.7807978877315 27
70 0 0 0 2226.037841796875 1.24609375 192.72998888739224 29
80 0.1 2.962158203125 0.0 2226.037841796875 1.24609375 192.72998888739224 29
90 0 0 0 2226.037841796875 1.24609375 186.40439453125 30
100 0 0 0 2226.037841796875 1.24609375 186.40439453125 30
110 0 0 0 2226.037841796875 1.24609375 186.40439453125 30
120 0 0 0 2226.037841796875 1.24609375 186.40439453125 30
130 0 0 0 2226.037841796875 1.24609375 186.40439453125 30
134 0 0 0 2226.037841796875 1.24609375 186.40439453125 30
