10 0.9 1285.85791015625 833.1592780572338 2746.7451171875 301.3330078125 0 0
20 4.3 190.77778660973837 189.7372205432305 2746.7451171875 9.490966796875 1285.85791015625 9
30 4.3 95.87220089934593 150.84977275193972 2746.7451171875 7.781005859375 380.31088491586536 52
40 2.7 111.43006727430556 146.46386333561722 2746.7451171875 7.781005859375 251.5649542557566 95
50 3.2 88.45726013183594 146.6842955563761 2746.7451171875 7.781005859375 220.55149566150104 122
60 2.5 67.54208984375 110.8094014074186 2746.7451171875 7.781005859375 193.103342824168 154
70 1.3 13.547344501201923 8.606358724419287 2746.7451171875 7.781005859375 175.56685497774092 179
80 1.3 52.87300931490385 82.10989190170984 2746.7451171875 7.781005859375 164.59678395589194 192
90 0.4 11.1619873046875 0.9081146607332209 2746.7451171875 7.781005859375 157.51186166158536 205
100 0.1 11.176025390625 0.0 2746.7451171875 7.781005859375 154.71090712843898 209
110 0 0 0 2746.7451171875 7.781005859375 154.02740769159223 210
120 0 0 0 2746.7451171875 7.781005859375 154.02740769159223 210
130 0 0 0 2746.7451171875 7.781005859375 154.02740769159223 210
134 0 0 0 2746.7451171875 7.781005859375 154.02740769159223 210
