10 1.7 691.2661850873162 775.0125854919743 2746.7451171875 11.8349609375 0 0
20 6.3 127.32682679191466 135.67679782562877 2746.7451171875 7.046142578125 691.2661850873162 17
30 5.3 77.76603957841981 118.21085431758704 2746.7451171875 6.76806640625 247.1639404296875 80
40 3.5 85.93722098214286 117.08953855753347 2746.7451171875 6.76806640625 179.65951377467104 133
50 4 70.74248657226562 98.24697103156065 2746.7451171875 6.76806640625 160.134036109561 168
60 2.9 58.21155206088361 85.74384710749413 2746.7451171875 6.76806640625 142.94335350623498 208
70 1.3 13.547344501201923 8.606358724419287 2746.7451171875 6.76806640625 132.5753271690401 237
80 1.5 45.809326171875 60.54607335514441 2746.7451171875 6.76806640625 126.38587207031252 250
90 0.4 11.1619873046875 0.9081146607332209 2746.7451171875 6.76806640625 121.8249355100236 265
100 0.1 11.176025390625 0.0 2746.7451171875 6.76806640625 120.17938981180299 269
110 0 0 0 2746.7451171875 6.76806640625 119.7756736472801 270
120 0 0 0 2746.7451171875 6.76806640625 119.7756736472801 270
130 0 0 0 2746.7451171875 6.76806640625 119.7756736472801 270
134 0 0 0 2746.7451171875 6.76806640625 119.7756736472801 270
