30 0.1 20998.7158203125 0 20998.7158203125 20998.7158203125 0 0
40 0.2 21614.910034179688 1752.9869384765625 23367.89697265625 19861.923095703125 20998.7158203125 1
50 0.2 35858.95910644531 2428.9268798828125 38287.885986328125 19861.923095703125 21409.511962890625 3
60 0.6 36421.8788655599 8049.979545095143 46736.947998046875 19861.923095703125 27189.2908203125 5
70 0.7 54255.82383510045 4318.080557394275 60637.27783203125 19861.923095703125 32225.24793590199 11
80 0.5 47551.90659179688 9339.334177971195 63761.916015625 19861.923095703125 40792.69411892361 18
90 0.3 39168.9052734375 8456.642293717423 63761.916015625 19861.923095703125 42262.088134765625 23
100 0.2 53808.388427734375 6991.515625 63761.916015625 19861.923095703125 41905.18241999699 26
110 0.1 31931.9111328125 0.0 63761.916015625 19861.923095703125 42755.411420549666 28
120 0.1 84087.89306640625 0.0 84087.89306640625 19861.923095703125 42382.18727269666 29
130 0 0 0 84087.89306640625 19861.923095703125 43772.37746582031 30
134 0 0 0 84087.89306640625 19861.923095703125 43772.37746582031 30
