10 0.7 619.7122279575893 812.2492386810728 2134.31689453125 1.19287109375 0 0
20 1 1.2489501953125 0.1010952132530384 2134.31689453125 1.01220703125 619.7122279575893 7
30 0.6 1.2765299479166667 0.09997677003404826 2134.31689453125 1.01220703125 255.91029986213235 17
40 0.2 1.260009765625 0.009033203125 2134.31689453125 1.01220703125 189.48409901494566 23
50 0.1 1.412109375 0.0 2134.31689453125 1.01220703125 174.426171875 25
60 0.1 1.319091796875 0.0 2134.31689453125 1.01220703125 167.77178485576923 26
70 0.1 1.177001953125 0.0 2134.31689453125 1.01220703125 161.60687029803242 27
80 0.1 2.583984375 0.0 2134.31689453125 1.01220703125 155.87723214285714 28
90 0.1 1.2890625 0.0 2134.31689453125 1.01220703125 150.59125808189654 29
100 0 0 0 2134.31689453125 1.01220703125 145.61451822916666 30
110 0 0 0 2134.31689453125 1.01220703125 145.61451822916666 30
120 0 0 0 2134.31689453125 1.01220703125 145.61451822916666 30
130 0 0 0 2134.31689453125 1.01220703125 145.61451822916666 30
140 0 0 0 2134.31689453125 1.01220703125 145.61451822916666 30
150 0 0 0 2134.31689453125 1.01220703125 145.61451822916666 30
160 0 0 0 2134.31689453125 1.01220703125 145.61451822916666 30
170 0 0 0 2134.31689453125 1.01220703125 145.61451822916666 30
180 0 0 0 2134.31689453125 1.01220703125 145.61451822916666 30
190 0 0 0 2134.31689453125 1.01220703125 145.61451822916666 30
200 0 0 0 2134.31689453125 1.01220703125 145.61451822916666 30
208 0 0 0 2134.31689453125 1.01220703125 145.61451822916666 30
