10 1.5 814.5740071614583 757.0870755706101 2293.094970703125 45.068115234375 0 0
20 3.9 243.16774964943912 313.7925061800293 2293.094970703125 8.5009765625 814.5740071614583 15
30 5.3 82.19768020341978 129.313833857796 2293.094970703125 8.039794921875 401.89171006944446 54
40 2.8 80.60059465680804 144.1540552114745 2293.094970703125 7.962890625 243.53859247225466 107
50 1.6 42.30316162109375 68.86253736678867 2293.094970703125 7.962890625 209.74404477719906 135
60 1.7 61.8833438648897 95.46527462333579 2293.094970703125 7.962890625 192.0019644427773 151
70 1 61.39716796875 84.20947761298645 2293.094970703125 7.962890625 178.83519926525298 168
80 1.4 56.757986886160715 94.18875986235486 2293.094970703125 7.962890625 172.23755705758427 178
90 0.5 51.186962890625 70.74809480390049 2293.094970703125 7.962890625 163.81717173258463 192
100 0.5 69.7078125 102.89942970789774 2293.094970703125 7.962890625 160.9585369904029 197
110 0.4 26.56646728515625 16.704408475324957 2293.094970703125 7.962890625 158.6998556911355 202
120 0.1 11.6689453125 0.0 2293.094970703125 7.962890625 156.13415882888347 206
130 0.1 10.912109375 0.0 2293.094970703125 7.962890625 155.43625924667873 207
140 0.1 10.843994140625 0.0 2293.094970703125 7.962890625 154.74143160306488 208
150 0.1 12.15380859375 0.0 2293.094970703125 7.962890625 154.05292711759867 209
160 0 0 0 2293.094970703125 7.962890625 153.37721702938987 210
170 0 0 0 2293.094970703125 7.962890625 153.37721702938987 210
180 0 0 0 2293.094970703125 7.962890625 153.37721702938987 210
190 0 0 0 2293.094970703125 7.962890625 153.37721702938987 210
200 0 0 0 2293.094970703125 7.962890625 153.37721702938987 210
208 0 0 0 2293.094970703125 7.962890625 153.37721702938987 210
