10 2.5 488.7032031249999 607.4348837910678 2293.094970703125 6.19091796875 0 0
20 6.3 151.9441499255953 208.7186689695801 2293.094970703125 5.843994140625 488.7032031249999 25
30 6.2 68.87522838961696 105.08947950329008 2293.094970703125 5.51708984375 247.61433549360797 88
40 3.3 68.20456764914775 111.1314751995294 2293.094970703125 5.51708984375 173.73550455729168 150
50 1.8 37.59210883246528 52.511949360727435 2293.094970703125 5.51708984375 154.70533560664276 183
60 2.1 50.07598586309524 65.10822443799678 2293.094970703125 5.51708984375 144.2175839552239 201
70 1.2 51.14947509765625 58.92464230872552 2293.094970703125 5.51708984375 135.3122976492117 222
80 1.6 49.649749755859375 79.20577747854108 2293.094970703125 5.51708984375 130.99625546708066 234
90 0.5 51.186962890625 70.74809480390049 2293.094970703125 5.51708984375 125.7900791015625 250
100 0.7 49.76527622767857 59.64220667150682 2293.094970703125 5.51708984375 124.32727290134804 255
110 0.4 26.56646728515625 16.704408475324957 2293.094970703125 5.51708984375 122.33515848640268 262
120 0.1 11.6689453125 0.0 2293.094970703125 5.51708984375 120.89502779164708 266
130 0.1 10.912109375 0.0 2293.094970703125 5.51708984375 120.48594134041433 267
140 0.1 10.843994140625 0.0 2293.094970703125 5.51708984375 120.07708375845382 268
150 0.1 12.15380859375 0.0 2293.094970703125 5.51708984375 119.67101279333178 269
160 0 0 0 2293.094970703125 5.51708984375 119.27280092592592 270
170 0 0 0 2293.094970703125 5.51708984375 119.27280092592592 270
180 0 0 0 2293.094970703125 5.51708984375 119.27280092592592 270
190 0 0 0 2293.094970703125 5.51708984375 119.27280092592592 270
200 0 0 0 2293.094970703125 5.51708984375 119.27280092592592 270
208 0 0 0 2293.094970703125 5.51708984375 119.27280092592592 270
