20 0.1 15030.9189453125 0 15030.9189453125 15030.9189453125 0 0
30 0.3 17974.583740234375 2521.0535987812605 21069.08203125 14893.8330078125 15030.9189453125 1
40 0.3 25930.209554036457 6768.248271598868 30967.787841796875 14893.8330078125 17238.667541503906 4
50 0.3 33849.29532877604 11472.36045321629 49649.99609375 14893.8330078125 20963.614118303572 7
60 0.4 32360.707885742188 8078.822040022415 49649.99609375 14893.8330078125 24829.318481445313 10
70 0.4 48006.43927001953 6650.344415226534 55141.945068359375 14893.8330078125 26981.144025530135 14
80 0.4 54710.18682861328 8586.71959450313 65656.89306640625 14893.8330078125 31653.43185763889 18
90 0.1 76896.80004882813 0.0 76896.80004882813 14893.8330078125 35845.569125088776 22
100 0.1 50162.93408203125 0.0 76896.80004882813 14893.8330078125 37630.40525220788 23
110 0.3 65363.878743489586 19324.364340506672 87873.79809570313 14893.8330078125 38152.59395345052 24
120 0.1 59630.947998046875 0.0 87873.79809570313 14893.8330078125 41176.07004123264 27
130 0 0 0 87873.79809570313 14893.8330078125 41835.172825404574 28
140 0 0 0 87873.79809570313 14893.8330078125 41835.172825404574 28
150 0.1 53750.8759765625 0.0 87873.79809570313 14893.8330078125 41835.172825404574 28
160 0.1 77329.82397460938 0.0 87873.79809570313 14893.8330078125 42246.05914096175 29
170 0 0 0 87873.79809570313 14893.8330078125 43415.51796875 30
180 0 0 0 87873.79809570313 14893.8330078125 43415.51796875 30
190 0 0 0 87873.79809570313 14893.8330078125 43415.51796875 30
200 0 0 0 87873.79809570313 14893.8330078125 43415.51796875 30
208 0 0 0 87873.79809570313 14893.8330078125 43415.51796875 30
