10 96.19296875 96.19296875
20 245.78203125 341.975
30 268.27265625 610.24765625
40 137.91875 748.16640625
50 71.540625 819.70703125
60 85.471875 905.17890625
70 52.8953125 958.07421875
80 65.403125 1023.47734375
90 21.93984375 1045.4171875
100 28.3390625 1073.75625
110 17.9953125 1091.7515625
120 4.3234375 1096.075
130 3.890625 1099.965625
140 3.8796875 1103.8453125
150 4.5890625 1108.434375
160 0 1108.434375
170 0 1108.434375
180 0 1108.434375
190 0 1108.434375
200 0 1108.434375
208 0 1108.434375
