10 1 231.7102783203125 359.5553440462408 862.6669921875 0.930908203125 0 0
20 1.1 1.1265758167613635 0.13814925308569895 862.6669921875 0.88916015625 231.7102783203125 10
30 1.2 1.1557820638020833 0.14383566067499035 862.6669921875 0.88916015625 110.92833891369048 21
40 0.7 1.1157575334821428 0.16824912708043416 862.6669921875 0.842041015625 71.01104551373106 33
50 1.4 1.118094308035714 0.14966885448512188 862.6669921875 0.842041015625 58.7793701171875 40
60 0.6 1.2513834635416667 0.05410835355085296 862.6669921875 0.842041015625 43.83015046296296 54
70 1.4 1.1256103515625 0.33878850042939274 862.6669921875 0.842041015625 39.57227376302083 60
80 1.9 1.068128083881579 0.28540028041692855 862.6669921875 0.80810546875 32.29858068517736 74
90 1.5 2.223486328125 4.242199660928342 862.6669921875 0.80810546875 25.918165637600808 93
100 1.7 1.046774471507353 0.1208142250942806 862.6669921875 0.80810546875 22.627237955729168 108
110 2.4 1.9827880859375 4.360149799504601 862.6669921875 0.803955078125 19.692294921875 125
120 1.2 1.1126302083333333 0.1128836189979443 862.6669921875 0.803955078125 16.83975690803272 149
130 3.6 1.0316094292534723 0.20064206183596248 862.6669921875 0.803955078125 15.667548706812887 161
140 3.1 0.958740234375 0.08988519384152735 862.6669921875 0.803955078125 12.99296081852792 197
150 2.6 1.4004563551682692 1.3531529672864584 862.6669921875 0.803955078125 11.356729072436952 228
160 2.6 1.9661207932692308 3.3062180873459615 862.6669921875 0.803955078125 10.337583046259843 254
170 3.1 1.3131930443548387 1.2403070803543084 862.6669921875 0.7880859375 9.560232979910714 280
180 3.1 3.219844695060484 5.392765492233734 862.6669921875 0.77001953125 8.738180767684888 311
190 0.6 1.1540120442708333 0.3736005051351053 862.6669921875 0.762939453125 8.237980714318349 342
200 0 0 0 862.6669921875 0.762939453125 8.115843323455461 348
210 0 0 0 862.6669921875 0.762939453125 8.115843323455461 348
220 0 0 0 862.6669921875 0.762939453125 8.115843323455461 348
230 0 0 0 862.6669921875 0.762939453125 8.115843323455461 348
240 0 0 0 862.6669921875 0.762939453125 8.115843323455461 348
241 0 0 0 862.6669921875 0.762939453125 8.115843323455461 348
