10 0.8 1198.5005798339844 576.2965105780135 1890.513916015625 348.94482421875 0 0
20 1.2 669.2857666015625 284.3102782792644 1890.513916015625 258.947021484375 1198.5005798339844 8
30 1 975.5781982421875 929.3477559621438 3586.041015625 258.947021484375 880.9716918945312 20
40 1 1430.7244873046875 1344.5877512627198 4865.364990234375 258.947021484375 912.5071940104167 30
50 1.3 616.2349196213943 313.5038824705087 4865.364990234375 197.693115234375 1042.0615173339843 40
60 0.6 686.1859130859375 271.36325053901015 4865.364990234375 197.693115234375 937.613483932783 53
70 1.5 1105.8590657552083 917.6186525080944 4865.364990234375 197.693115234375 912.0445784229344 59
80 1.8 722.1734076605903 467.2990105406052 4865.364990234375 188.419921875 951.331298828125 74
90 1.5 786.5081705729167 706.6077045197976 4865.364990234375 188.419921875 906.4960592518682 92
100 1.7 687.9693244485294 316.85241261710985 4865.364990234375 188.419921875 889.6753271940713 107
110 2.4 562.3609720865887 223.9503953713425 4865.364990234375 188.419921875 862.0220848821824 124
120 1.2 741.9370930989584 496.7588904964947 4865.364990234375 188.419921875 813.4283909153294 148
130 3.3 586.065888375947 259.418417216425 4865.364990234375 188.419921875 808.0665435791016 160
140 3.4 969.6636603860296 466.9061228451138 4865.364990234375 188.419921875 770.1078823267487 193
150 2.6 970.3004150390625 534.9696697533445 4865.364990234375 188.419921875 799.9972940184472 227
160 2.5 954.541328125 520.5000953710531 4865.364990234375 188.419921875 817.4988005264946 253
170 3.1 743.079329952117 372.55610508439514 4865.364990234375 188.419921875 829.8227688357127 278
180 3.2 649.3475875854492 280.80118981830185 4865.364990234375 188.419921875 821.1203526370349 309
190 0.7 625.692138671875 338.79934408220197 4865.364990234375 188.419921875 805.0009142744226 341
200 0 0 0 4865.364990234375 188.419921875 801.3941285582795 348
210 0 0 0 4865.364990234375 188.419921875 801.3941285582795 348
220 0 0 0 4865.364990234375 188.419921875 801.3941285582795 348
230 0 0 0 4865.364990234375 188.419921875 801.3941285582795 348
240 0 0 0 4865.364990234375 188.419921875 801.3941285582795 348
241 0 0 0 4865.364990234375 188.419921875 801.3941285582795 348
