10 0.9 1181.976535373264 557.7638258953815 1910.072021484375 350.858154296875 0 0
20 1.2 623.3447875976564 280.7275615864553 1910.072021484375 260.947021484375 1181.976535373264 9
30 1 975.99130859375 930.3700794960449 3588.0400390625 260.947021484375 862.7583937872024 21
40 0.9 1551.3049858940972 1366.8018310764307 4867.320068359375 260.947021484375 899.285140498992 31
50 1.4 601.3929966517857 308.1029042170338 4867.320068359375 199.681884765625 1045.9896057128906 40
60 0.5 749.25283203125 256.8617669412187 4867.320068359375 199.681884765625 930.7238181785301 54
70 1.5 1107.84853515625 917.6205742150595 4867.320068359375 199.681884765625 915.3449210474047 59
80 1.8 724.144300672743 467.3032643922181 4867.320068359375 190.418212890625 954.3659239073057 74
90 1.6 803.7569885253906 686.7185438095272 4867.320068359375 190.418212890625 909.3225628396739 92
100 1.7 660.3140510110294 306.8022298945259 4867.320068359375 190.418212890625 893.6832184968172 108
110 2.4 552.3550516764323 233.0467786744247 4867.320068359375 190.418212890625 861.94501171875 125
120 1.2 755.7929484049479 486.19278227770275 4867.320068359375 190.418212890625 812.0781725173028 149
130 3.2 594.4480056762693 260.8679511766431 4867.320068359375 190.418212890625 807.8830005337733 161
140 3.4 971.6428294462316 466.9232319283512 4867.320068359375 190.418212890625 772.4948148579177 193
150 2.6 972.278376652644 534.9642978201713 4867.320068359375 190.418212890625 802.3231518447136 227
160 2.5 956.533251953125 520.5047981956841 4867.320068359375 190.418212890625 819.7889061728014 253
170 3.1 745.0685011340726 372.5607212354066 4867.320068359375 190.418212890625 832.0860595703125 278
180 3.2 651.3324813842773 280.7984839295342 4867.320068359375 190.418212890625 823.3561427045408 309
190 0.7 627.681884765625 338.7740484338086 4867.320068359375 190.418212890625 807.2131598240469 341
200 0 0 0 4867.320068359375 190.418212890625 803.6018985441361 348
210 0 0 0 4867.320068359375 190.418212890625 803.6018985441361 348
220 0 0 0 4867.320068359375 190.418212890625 803.6018985441361 348
230 0 0 0 4867.320068359375 190.418212890625 803.6018985441361 348
240 0 0 0 4867.320068359375 190.418212890625 803.6018985441361 348
241 0 0 0 4867.320068359375 190.418212890625 803.6018985441361 348
