10 39.21875 39.21875
20 58.828125 98.046875
30 49.0234375 147.0703125
40 45.275 192.3453125
50 63.73046875 256.07578125
60 29.4140625 285.48984375
70 73.63046875 359.1203125
80 88.2421875 447.3625
90 73.53515625 520.89765625
100 83.33984375 604.2375
110 117.65625 721.89375
120 58.828125 780.721875
130 161.77734375 942.49921875
140 162.93125 1105.43046875
150 127.46015625 1232.890625
160 122.5578125 1355.4484375
170 151.9703125 1507.41875
180 156.87421875 1664.29296875
190 34.315625 1698.60859375
200 0 1698.60859375
210 0 1698.60859375
220 0 1698.60859375
230 0 1698.60859375
240 0 1698.60859375
241 0 1698.60859375
