10 1.390625 1.390625
20 1.5296875 2.9203125
30 1.66875 4.5890625
40 0.9734375 5.5625
50 1.946875 7.509375
60 0.834375 8.34375
70 1.946875 10.290625
80 2.6421875 12.9328125
90 2.0859375 15.01875
100 2.3640625 17.3828125
110 3.3375 20.7203125
120 1.66875 22.3890625
130 5.00625 27.3953125
140 4.3109375 31.70625
150 3.615625 35.321875
160 3.615625 38.9375
170 4.3109375 43.2484375
180 4.3109375 47.559375
190 0.834375 48.39375
200 0 48.39375
210 0 48.39375
220 0 48.39375
230 0 48.39375
240 0 48.39375
241 0 48.39375
