10 1.3 409.9367112379808 658.8481705398135 2127.3701171875 1.253173828125 0 0
20 0.5 1.424658203125 0.07990355280686628 2127.3701171875 1.253173828125 409.9367112379808 13
30 0.2 1.5859375 0.156005859375 2127.3701171875 1.253173828125 296.4611409505208 18
40 0.2 1.3958740234375 0.0150146484375 2127.3701171875 1.253173828125 266.97362060546874 20
50 0.1 1.47802734375 0.0 2127.3701171875 1.253173828125 242.83018909801137 22
60 0.1 1.466064453125 0.0 2127.3701171875 1.253173828125 232.3366168478261 23
70 0 0 0 2127.3701171875 1.253173828125 222.71701049804688 24
80 0 0 0 2127.3701171875 1.253173828125 222.71701049804688 24
90 0 0 0 2127.3701171875 1.253173828125 222.71701049804688 24
100 0 0 0 2127.3701171875 1.253173828125 222.71701049804688 24
110 0 0 0 2127.3701171875 1.253173828125 222.71701049804688 24
112 0 0 0 2127.3701171875 1.253173828125 222.71701049804688 24
