10 2.3 677.4766898777174 749.5912014180979 3031.48095703125 43.43310546875 0 0
20 4.6 137.28690238620928 216.81067597543267 3031.48095703125 7.844970703125 677.4766898777174 23
30 3.2 97.56914520263672 162.80692805751661 3031.48095703125 7.844970703125 317.3501648833786 69
40 1.8 67.57645670572917 106.66358312363903 3031.48095703125 7.715087890625 247.7165744894802 101
50 2 64.84715576171875 111.6900952627213 3031.48095703125 7.715087890625 220.4684894465599 119
60 1.2 142.705078125 355.4294250323807 3031.48095703125 7.715087890625 198.07693064298562 139
70 0.6 16.495686848958332 10.819043476101516 3031.48095703125 7.715087890625 193.676518522351 151
80 0.4 17.79705810546875 12.38174677980012 3031.48095703125 7.715087890625 186.90527654757165 157
90 0.5 16.891162109375 12.59095589606991 3031.48095703125 7.715087890625 182.70383012664985 161
100 0.1 10.18798828125 0.0 3031.48095703125 7.715087890625 177.70947265625 166
110 0.1 12.388916015625 0.0 3031.48095703125 7.715087890625 176.70634999532186 167
112 0 0 0 3031.48095703125 7.715087890625 175.728270031157 168
