10 4.1 384.4185880335365 638.4818874644819 3031.48095703125 6.156005859375 0 0
20 5.9 104.05399645789191 172.98183092006195 3031.48095703125 5.85400390625 384.4185880335365 41
30 4.1 75.97867640053353 120.50560089770453 3031.48095703125 5.825927734375 219.00347900390616 100
40 2 60.809716796875 92.85159493157795 3031.48095703125 5.825927734375 177.41470661569144 141
50 2.4 54.025675455729164 81.88081498121814 3031.48095703125 5.825927734375 162.92961471273287 161
60 1.4 122.30535016741071 307.71994663090794 3031.48095703125 5.825927734375 148.8015361064189 185
70 0.6 16.495686848958332 10.819043476101516 3031.48095703125 5.825927734375 146.93748282427762 199
80 0.4 17.79705810546875 12.38174677980012 3031.48095703125 5.825927734375 143.11967416158535 205
90 0.5 16.891162109375 12.59095589606991 3031.48095703125 5.825927734375 140.72115519400418 209
100 0.1 10.18798828125 0.0 3031.48095703125 5.825927734375 137.82793105651285 214
110 0.1 12.388916015625 0.0 3031.48095703125 5.825927734375 137.23425690406978 215
112 0 0 0 3031.48095703125 5.825927734375 136.65626921477144 216
