30 0.2 26132.878051757813 1727.0321044921875 27859.91015625 24405.845947265625 0 0
40 0.4 27102.401489257813 5950.133472675265 31546.76708984375 16859.871826171875 26132.878051757813 2
50 0.4 38474.90753173828 3160.0702729317964 42744.9130859375 16859.871826171875 26779.227010091145 6
60 0.3 51561.054036458336 7369.845248619691 58159.373046875 16859.871826171875 31457.49921875 10
70 0.3 44285.05037434896 10862.923296640223 58159.373046875 16859.871826171875 36096.78109975962 13
80 0.3 58997.60799153646 7851.557731874089 69862.96899414063 16859.871826171875 37632.08158874512 16
90 0 0 0 69862.96899414063 16859.871826171875 41005.58575760691 19
100 0.2 90858.416015625 7806.490966796875 98664.90698242188 16859.871826171875 41005.58575760691 19
110 0.2 54766.91101074219 6024.0040283203125 98664.90698242188 16859.871826171875 45753.47435360863 21
112 0.1 76521.92504882813 0.0 98664.90698242188 16859.871826171875 46537.25145422894 23
