10 0.9 302.3747829861111 666.1623613320803 2130.872802734375 1.282958984375 0 0
20 0.6 1.5163167317708333 0.10472915889663317 2130.872802734375 1.282958984375 302.3747829861111 9
30 0 0 0 2130.872802734375 1.282958984375 182.031396484375 15
40 0 0 0 2130.872802734375 1.282958984375 182.031396484375 15
50 0 0 0 2130.872802734375 1.282958984375 182.031396484375 15
60 0 0 0 2130.872802734375 1.282958984375 182.031396484375 15
70 0 0 0 2130.872802734375 1.282958984375 182.031396484375 15
80 0 0 0 2130.872802734375 1.282958984375 182.031396484375 15
90 0 0 0 2130.872802734375 1.282958984375 182.031396484375 15
100 0 0 0 2130.872802734375 1.282958984375 182.031396484375 15
110 0 0 0 2130.872802734375 1.282958984375 182.031396484375 15
120 0 0 0 2130.872802734375 1.282958984375 182.031396484375 15
130 0 0 0 2130.872802734375 1.282958984375 182.031396484375 15
134 0 0 0 2130.872802734375 1.282958984375 182.031396484375 15
