10 2 564.2119995117189 776.7752137367927 3414.751953125 31.226806640625 0 0
20 3.6 164.74722629123264 255.51173639163474 3414.751953125 4.72314453125 564.2119995117189 20
30 2.3 35.10529891304348 47.31301473651378 3414.751953125 4.591064453125 307.4132167271206 56
40 1 18.0955810546875 12.054655267742822 3414.751953125 4.591064453125 228.1336963508703 79
50 1.1 12.921542080965908 10.339613972247134 3414.751953125 4.591064453125 204.53390811534413 89
60 0.2 15.0704345703125 3.7015380859375 3414.751953125 4.591064453125 183.45654785156253 100
70 0.2 10.8070068359375 1.1590576171875 3414.751953125 4.591064453125 180.15485935585176 102
80 0.1 14.011962890625 0.0 3414.751953125 4.591064453125 176.89816988431494 104
90 0 0 0 3414.751953125 4.591064453125 175.34687267485123 105
100 0 0 0 3414.751953125 4.591064453125 175.34687267485123 105
110 0 0 0 3414.751953125 4.591064453125 175.34687267485123 105
120 0 0 0 3414.751953125 4.591064453125 175.34687267485123 105
130 0 0 0 3414.751953125 4.591064453125 175.34687267485123 105
134 0 0 0 3414.751953125 4.591064453125 175.34687267485123 105
