10 3.2 352.59583282470703 618.8294649006427 3414.751953125 6.783935546875 0 0
20 5.2 114.02746582031256 133.73617046756246 3414.751953125 4.72314453125 352.59583282470703 32
30 2.5 32.289511718750006 31.45617986919332 3414.751953125 4.591064453125 204.91065325055808 84
40 1 18.0955810546875 12.054655267742822 3414.751953125 4.591064453125 165.31864831207 109
50 1.1 12.921542080965908 10.339613972247134 3414.751953125 4.591064453125 152.9469619879202 119
60 0.2 15.0704345703125 3.7015380859375 3414.751953125 4.591064453125 141.09865722656252 130
70 0.2 10.8070068359375 1.1590576171875 3414.751953125 4.591064453125 139.18913870146784 132
80 0.1 14.011962890625 0.0 3414.751953125 4.591064453125 137.27298747959424 134
90 0 0 0 3414.751953125 4.591064453125 136.35994285300927 135
100 0 0 0 3414.751953125 4.591064453125 136.35994285300927 135
110 0 0 0 3414.751953125 4.591064453125 136.35994285300927 135
120 0 0 0 3414.751953125 4.591064453125 136.35994285300927 135
130 0 0 0 3414.751953125 4.591064453125 136.35994285300927 135
134 0 0 0 3414.751953125 4.591064453125 136.35994285300927 135
