30 0.2 17840.885986328125 1608.962890625 19449.848876953125 16231.923095703125 0 0
40 0.4 28100.664489746094 2107.5728299551015 30157.927001953125 16231.923095703125 17840.885986328125 2
50 0.2 44550.41796875 3683.52490234375 48233.94287109375 16231.923095703125 24680.738321940105 6
60 0.2 54015.905029296875 2783.9951171875 56799.900146484375 16231.923095703125 29648.158233642578 8
70 0.2 52788.39099121094 656.4940185546875 56799.900146484375 16231.923095703125 34521.70759277344 10
80 0.3 64074.277018229164 3159.1289636668193 66800.92919921875 16231.923095703125 37566.15482584635 12
90 0 0 0 66800.92919921875 16231.923095703125 42867.77926432292 15
100 0 0 0 66800.92919921875 16231.923095703125 42867.77926432292 15
110 0 0 0 66800.92919921875 16231.923095703125 42867.77926432292 15
120 0 0 0 66800.92919921875 16231.923095703125 42867.77926432292 15
130 0 0 0 66800.92919921875 16231.923095703125 42867.77926432292 15
134 0 0 0 66800.92919921875 16231.923095703125 42867.77926432292 15
