10 1.1 769.9407404119319 955.4777098965491 2129.10009765625 1.183837890625 0 0
20 0.7 1.4200265066964286 0.07900374427363664 2129.10009765625 1.183837890625 769.9407404119319 11
30 0.5 1.339013671875 0.056033033913820904 2129.10009765625 1.183837890625 471.0715738932292 18
40 0.4 1.40692138671875 0.06984371633336836 2129.10009765625 1.183837890625 368.9557999320652 23
50 0 0 0 2129.10009765625 1.183837890625 314.50411422164353 27
60 0.2 1.5513916015625 0.1214599609375 2129.10009765625 1.183837890625 314.50411422164353 27
70 0.1 2.261962890625 0.0 2129.10009765625 1.183837890625 292.92116783405174 29
80 0 0 0 2129.10009765625 1.183837890625 283.23252766927084 30
90 0 0 0 2129.10009765625 1.183837890625 283.23252766927084 30
100 0 0 0 2129.10009765625 1.183837890625 283.23252766927084 30
110 0 0 0 2129.10009765625 1.183837890625 283.23252766927084 30
120 0 0 0 2129.10009765625 1.183837890625 283.23252766927084 30
124 0 0 0 2129.10009765625 1.183837890625 283.23252766927084 30
