10 2 1310.7329956054687 1224.6366730664731 4225.138916015625 62.173095703125 0 0
20 3.6 151.3472154405382 136.9220449863082 4225.138916015625 10.473876953125 1310.7329956054687 20
30 3.7 68.19626266891892 85.68120208442612 4225.138916015625 9.447998046875 565.4135654994419 56
40 3.6 119.47824435763889 158.69771362408733 4225.138916015625 8.987060546875 367.59592888944894 93
50 2.2 20.424249822443183 14.21175236361238 4225.138916015625 8.760986328125 298.3537843689438 129
60 3.3 51.032241358901516 92.11544926629946 4225.138916015625 8.572998046875 257.86073960057945 151
70 1 71.1075439453125 106.5504729292801 4225.138916015625 8.572998046875 220.76649806810462 184
80 0.9 14.955810546875 8.820036999544833 4225.138916015625 8.572998046875 213.0521189896102 194
90 0.3 20.701009114583332 15.312023556794585 4225.138916015625 8.572998046875 204.26952403402095 203
100 0.4 11.47467041015625 0.4187092994368212 4225.138916015625 8.572998046875 201.59619614684465 206
110 0 0 0 4225.138916015625 8.572998046875 197.97483375186013 210
120 0 0 0 4225.138916015625 8.572998046875 197.97483375186013 210
124 0 0 0 4225.138916015625 8.572998046875 197.97483375186013 210
