10 3.4 770.9804184857537 1076.5703402613476 4225.138916015625 7.383056640625 0 0
20 5.6 97.26239885602679 98.23171665282267 4225.138916015625 6.9970703125 770.9804184857537 34
30 4.3 58.66713980741279 65.50708037127323 4225.138916015625 6.9970703125 351.7780951605903 90
40 5 86.00135742187504 118.54813244905209 4225.138916015625 6.77099609375 257.0128990689615 133
50 2.2 20.424249822443183 14.21175236361238 4225.138916015625 6.77099609375 210.28843413806354 183
60 3.7 45.504104201858105 72.0159406062306 4225.138916015625 6.77099609375 189.9127655773628 205
70 1.2 59.240620930989586 81.03140042218199 4225.138916015625 6.77099609375 167.83375536705836 242
80 0.9 14.955810546875 8.820036999544833 4225.138916015625 6.77099609375 162.70337106299212 254
90 0.3 20.701009114583332 15.312023556794585 4225.138916015625 6.77099609375 157.64737089323907 263
100 0.4 11.47467041015625 0.4187092994368212 4225.138916015625 6.77099609375 156.10286305363016 266
110 0 0 0 4225.138916015625 6.77099609375 153.96022316261573 270
120 0 0 0 4225.138916015625 6.77099609375 153.96022316261573 270
124 0 0 0 4225.138916015625 6.77099609375 153.96022316261573 270
