30 0.1 24844.83203125 0 24844.83203125 24844.83203125 0 0
40 0.3 26921.577392578125 9597.27480106913 37880.984130859375 14507.89404296875 24844.83203125 1
50 0.4 36704.418029785156 3178.0863322060413 41742.97998046875 14507.89404296875 26402.391052246094 4
60 0.4 40583.16271972656 12287.954190144697 51547.929931640625 14507.89404296875 31553.404541015625 8
70 0.3 34854.90828450521 6299.219206561858 51547.929931640625 14507.89404296875 34563.32393391927 12
80 0.8 60321.06188964844 11118.318980377942 74667.98486328125 14507.89404296875 34621.640804036455 15
90 0.3 59088.255045572914 21591.179478791495 85723.97900390625 14507.89404296875 43560.5698772928 23
100 0.2 60539.93640136719 12395.024536132813 85723.97900390625 14507.89404296875 45352.225858248195 26
110 0.1 35759.87109375 0.0 85723.97900390625 14507.89404296875 46437.06232561384 28
120 0.1 85277.96606445313 0.0 85723.97900390625 14507.89404296875 46068.883317618536 29
124 0 0 0 85723.97900390625 14507.89404296875 47375.85274251302 30
