10 1.2 150.83101399739584 294.6689753534089 893.609130859375 1.053955078125 0 0
20 1.2 1.3790283203125 0.382083230620065 893.609130859375 0.77197265625 150.83101399739584 12
30 1.9 1.353065892269737 0.33994606230158614 893.609130859375 0.751953125 76.10502115885417 24
40 4.4 1.2774047851562498 0.3577409850923084 893.609130859375 0.719970703125 43.07508743640988 43
50 3.8 1.286036441200658 0.37545223548204776 893.609130859375 0.719970703125 21.936029543821835 87
60 5.8 1.2710886988146552 0.3680462770911437 893.609130859375 0.719970703125 15.658431640624997 125
70 8.2 1.5549197313262195 2.3635206931771067 893.609130859375 0.719970703125 11.098508741034834 183
80 12.6 1.2512923952132933 0.3639241273852322 893.609130859375 0.70703125 8.145398179540093 265
90 17 1.284665096507354 0.3739835829988724 893.609130859375 0.703857421875 5.923768182544756 391
100 19.1 1.2462957092604716 0.35901569233498876 893.609130859375 0.697998046875 4.517979368594028 561
110 24 1.2647583007812506 0.367624921654182 893.609130859375 0.697998046875 3.6870065242686163 752
120 27.1 1.2486351548085801 0.47120234643466474 893.609130859375 0.679931640625 3.1009787282636085 992
130 2.6 2.089947040264423 4.228465702617065 893.609130859375 0.679931640625 2.703524168955364 1263
140 0 0 0 893.609130859375 0.679931640625 2.6911479041408066 1289
150 0 0 0 893.609130859375 0.679931640625 2.6911479041408066 1289
160 0 0 0 893.609130859375 0.679931640625 2.6911479041408066 1289
170 0 0 0 893.609130859375 0.679931640625 2.6911479041408066 1289
180 0.1 0.944091796875 0.0 893.609130859375 0.679931640625 2.6911479041408066 1289
190 0.1 1.5029296875 0.0 893.609130859375 0.679931640625 2.6897935970809104 1290
200 0.1 8.10986328125 0.0 893.609130859375 0.679931640625 2.688874260202846 1291
210 0 0 0 893.609130859375 0.679931640625 2.6930700721386414 1292
220 0 0 0 893.609130859375 0.679931640625 2.6930700721386414 1292
230 0 0 0 893.609130859375 0.679931640625 2.6930700721386414 1292
240 0.2 1.4375 0.383544921875 893.609130859375 0.679931640625 2.6930700721386414 1292
250 0.1 1.468994140625 0.0 893.609130859375 0.679931640625 2.691129469245073 1294
260 0.2 29.155517578125 27.592529296875 893.609130859375 0.679931640625 2.6901857354005787 1295
270 0 0 0 893.609130859375 0.679931640625 2.7309958076329988 1297
280 0 0 0 893.609130859375 0.679931640625 2.7309958076329988 1297
290 0 0 0 893.609130859375 0.679931640625 2.7309958076329988 1297
300 0 0 0 893.609130859375 0.679931640625 2.7309958076329988 1297
310 0 0 0 893.609130859375 0.679931640625 2.7309958076329988 1297
320 0 0 0 893.609130859375 0.679931640625 2.7309958076329988 1297
330 0 0 0 893.609130859375 0.679931640625 2.7309958076329988 1297
340 0 0 0 893.609130859375 0.679931640625 2.7309958076329988 1297
350 0 0 0 893.609130859375 0.679931640625 2.7309958076329988 1297
360 0 0 0 893.609130859375 0.679931640625 2.7309958076329988 1297
360 0 0 0 893.609130859375 0.679931640625 2.7309958076329988 1297
