10 2.6 508.4199594350961 330.80820470748046 1343.85302734375 79.9140625 0 0
20 3.8 295.41219289679276 237.1935529161652 1343.85302734375 28.8330078125 508.4199594350961 26
30 7.4 301.6418753959037 274.6123578441584 1343.85302734375 20.932861328125 381.9465980529785 64
40 15.8 287.1571214893195 276.2417325507357 1343.85302734375 20.932861328125 338.88464532382244 138
50 17.5 265.32294642857124 305.139311314917 1501.532958984375 18.945068359375 311.27333192567556 296
60 27.3 400.39556594122024 527.3841851737491 2712.89501953125 18.945068359375 294.2004710721867 471
70 40.6 335.084067960091 386.5536465962063 2927.281005859375 18.945068359375 333.16721959267886 744
80 50.9 581.20053010652 630.0535813915985 3607.10205078125 18.945068359375 333.8439504076087 1150
90 53.6 869.1005126042156 1128.1366787709467 7099.77685546875 18.763916015625 409.735752135605 1659
100 61.5 1509.400177845529 2837.52711952198 14447.166015625 18.2119140625 521.9086503639309 2195
110 74.7 1780.1851216715827 4458.3285457116 21598.44677734375 18.2119140625 738.0322408981597 2810
120 48.5 2440.8272471005175 5038.857644255474 28556.1748046875 18.2119140625 956.8931354547374 3557
130 71.8 7117.6016791298525 11512.848257531603 36092.135009765625 18.2119140625 1134.950543705159 4042
140 77.9 7059.878446801791 13237.317198329876 37064.98095703125 18.091064453125 2037.3756519477913 4760
150 52.3 8355.253649972365 14832.619330454247 38989.840087890625 18.091064453125 2743.7359475230332 5539
160 51 12054.573172774963 18142.72081059812 63692.14599609375 18.091064453125 3227.8705167049866 6062
170 43.5 14595.997611350573 19327.24844395499 63692.14599609375 18.091064453125 3912.839834202809 6572
180 67 10524.292417793835 13131.0549860007 65933.173828125 18.091064453125 4576.058563053854 7007
190 65.4 2750.906529977779 6083.06504454342 65933.173828125 18.091064453125 5095.182789011362 7677
200 32.3 40.77302026896285 18.17780626614046 65933.173828125 18.091064453125 4911.1524597102025 8331
210 17.2 35.7683886150981 12.324631116211615 65933.173828125 18.091064453125 4729.371484561194 8654
220 9.5 32.71635999177632 8.772376372369342 65933.173828125 18.091064453125 4637.903126017944 8826
230 4.5 33.507535807291674 15.323500650300245 65933.173828125 18.091064453125 4588.862352251271 8921
240 2.6 31.67180926983173 10.837983006848688 65933.173828125 18.091064453125 4565.999206284287 8966
250 1.2 29.1121826171875 2.88273561318271 65933.173828125 18.091064453125 4552.888384184378 8992
260 0.8 39.898681640625 19.82020895558377 65933.173828125 18.091064453125 4546.859362147638 9004
270 0.3 29.269938151041668 0.49635457602260863 65933.173828125 18.091064453125 4542.858509346478 9012
280 0.1 29.448974609375 0.0 65933.173828125 18.091064453125 4541.356483199657 9015
290 0 0 0 65933.173828125 18.091064453125 4540.85604980252 9016
300 0 0 0 65933.173828125 18.091064453125 4540.85604980252 9016
310 0 0 0 65933.173828125 18.091064453125 4540.85604980252 9016
320 0 0 0 65933.173828125 18.091064453125 4540.85604980252 9016
330 0 0 0 65933.173828125 18.091064453125 4540.85604980252 9016
340 0 0 0 65933.173828125 18.091064453125 4540.85604980252 9016
350 0 0 0 65933.173828125 18.091064453125 4540.85604980252 9016
360 0 0 0 65933.173828125 18.091064453125 4540.85604980252 9016
360 0 0 0 65933.173828125 18.091064453125 4540.85604980252 9016
