10 4.2 314.7057407924107 299.7410643809824 1343.85302734375 8.34912109375 0 0
20 6 188.66394856770833 187.5063457013499 1343.85302734375 7.180908203125 314.7057407924107 42
30 10.6 209.66157963590803 238.38427269865588 1343.85302734375 6.362060546875 240.56351007199754 102
40 23 197.71457094938856 231.1634870273982 1343.85302734375 6.362060546875 224.81541090745193 208
50 24.2 192.19505120900055 259.3845806720323 1408.52392578125 6.362060546875 210.5843762262771 438
60 39.6 276.7631096117422 445.92210488764016 2620.625 6.2548828125 204.03993997012867 680
70 54.2 251.04711823973707 318.6480833267989 2830.84814453125 6.2548828125 230.80422916908682 1076
80 70 433.5208199637273 499.4481916703614 3607.10205078125 6.2548828125 237.58522167606606 1618
90 77 625.05678298752 901.9070474896923 7099.77685546875 6.2548828125 296.7547293556877 2318
100 84.4 1100.0559168811112 2419.7709508850467 14473.64404296875 6.2548828125 378.6176118998946 3088
110 100.7 1371.910522824602 3964.6398389265864 21598.44677734375 6.2548828125 533.473646844998 3932
120 68.6 1739.7638145869396 4083.378209506135 28360.753173828125 6.2548828125 704.4203838588593 4939
130 99.8 5287.189397838646 10346.959486612608 35902.433837890625 6.2548828125 830.6862671440972 5625
140 98 5561.4810903121 11991.801077005053 36850.410888671875 6.2548828125 1502.2233537261839 6623
150 64.9 7046.983032038474 13816.7458628248 38989.840087890625 6.2548828125 2025.4474207857916 7603
160 64.2 9436.103692455841 16581.606983719645 42337.323974609375 6.2548828125 2420.379147846261 8252
170 56.6 11379.997185049964 17886.21071405861 46142.2939453125 6.2548828125 2926.7986618601294 8894
180 77.8 8684.229325243004 11665.690474410261 46142.2939453125 6.2548828125 3432.5608567993945 9460
190 66.9 2520.6358009418163 5691.9234426512885 46142.2939453125 6.2548828125 3831.642520058735 10238
200 32.3 40.77302026896285 18.17780626614046 46142.2939453125 6.2548828125 3751.229620536482 10907
210 17.2 35.7683886150981 12.324631116211615 46142.2939453125 6.2548828125 3644.5085624878257 11230
220 9.5 32.71635999177632 8.772376372369342 46142.2939453125 6.2548828125 3590.0704542694334 11402
230 4.5 33.507535807291674 15.323500650300245 46142.2939453125 6.2548828125 3560.6759479672346 11497
240 2.6 31.67180926983173 10.837983006848688 46142.2939453125 6.2548828125 3546.924208359957 11542
250 1.2 29.1121826171875 2.88273561318271 46142.2939453125 6.2548828125 3539.0233990259026 11568
260 0.8 39.898681640625 19.82020895558377 46142.2939453125 6.2548828125 3535.3861853301423 11580
270 0.3 29.269938151041668 0.49635457602260863 46142.2939453125 6.2548828125 3532.9730079026726 11588
280 0.1 29.448974609375 0.0 46142.2939453125 6.2548828125 3532.06617422057 11591
290 0 0 0 46142.2939453125 6.2548828125 3531.764016077056 11592
300 0 0 0 46142.2939453125 6.2548828125 3531.764016077056 11592
310 0 0 0 46142.2939453125 6.2548828125 3531.764016077056 11592
320 0 0 0 46142.2939453125 6.2548828125 3531.764016077056 11592
330 0 0 0 46142.2939453125 6.2548828125 3531.764016077056 11592
340 0 0 0 46142.2939453125 6.2548828125 3531.764016077056 11592
350 0 0 0 46142.2939453125 6.2548828125 3531.764016077056 11592
360 0 0 0 46142.2939453125 6.2548828125 3531.764016077056 11592
360 0 0 0 46142.2939453125 6.2548828125 3531.764016077056 11592
