40 0.4 28584.175537109375 8029.059592260256 34674.942138671875 14859.9580078125 0 0
50 0.6 39672.37666829427 8522.041911232653 48180.840087890625 14859.9580078125 28584.175537109375 4
60 1.3 31720.791334885816 8170.393461591678 48180.840087890625 14859.9580078125 35237.09621582031 10
70 1.8 36907.45400661892 9713.493814754589 57246.942138671875 14859.9580078125 33249.61954398777 23
80 2.2 39941.905007102265 15471.30185027596 78330.96020507813 12789.9609375 34855.49808855754 41
90 3.4 36497.03827263327 13355.651750485627 78330.96020507813 12789.9609375 36631.70367916046 63
100 3.7 42569.22804713894 14122.648575764299 78330.96020507813 12789.9609375 36584.50137171793 97
110 4.7 47266.58608813996 17457.07512340861 87395.85791015625 12789.9609375 38237.00052836403 134
120 5.6 46233.555868966236 16405.34546860184 87395.85791015625 12789.9609375 40581.699541123526 181
130 4.4 50287.91700883345 16240.254362941305 88138.96704101563 12789.9609375 41917.159264158094 237
140 7.5 51500.1933984375 18209.41287338701 102941.90478515625 12789.9609375 43227.882896776304 281
150 8.3 56113.64126329537 18919.067141140476 102941.90478515625 12789.9609375 44970.644940665596 356
160 9.5 55331.41533203125 16415.958431442727 120489.97485351563 12789.9609375 47077.40734334959 439
170 6.2 67162.88573431199 17450.969439956712 120489.97485351563 12789.9609375 48545.81700425738 534
180 10.5 83368.1458333333 16614.339096363678 122609.96508789063 12789.9609375 50482.491939263055 596
190 13.1 90101.16140490815 16324.040144163924 133191.96801757813 12789.9609375 55408.30315021509 701
200 13.4 93639.42683797808 13847.349738766356 133191.96801757813 12789.9609375 60870.760399451625 832
210 12.3 101729.29313151044 11745.220095462806 133191.96801757813 12789.9609375 65416.3104023114 966
220 8.1 109316.2432092737 10405.863520951083 142572.10595703125 12789.9609375 69517.7767711741 1089
230 4.8 119376.53160095215 12991.121884438811 158149.97900390625 12789.9609375 72273.0552168887 1170
240 3.2 128456.17171478271 13284.325258006265 160058.98120117188 12789.9609375 74129.34985271384 1218
250 1.8 135724.27176920572 11992.67482338033 172803.96704101563 12789.9609375 75520.11649238282 1250
260 0.8 152642.34637451172 9291.383181614035 172803.96704101563 12789.9609375 76374.74961145443 1268
270 0.6 149451.80216471353 4522.954739102906 172803.96704101563 12789.9609375 76852.91636232 1276
280 0.3 171397.32845052084 11406.290085613118 182750.9921875 12789.9609375 77192.69273893027 1282
290 0.1 172605.92114257813 0.0 182750.9921875 12789.9609375 77412.62574059157 1285
300 0.1 183725.00219726563 0.0 183725.00219726563 12789.9609375 77486.64852084195 1286
310 0 0 0 183725.00219726563 12789.9609375 77569.19580419581 1287
320 0 0 0 183725.00219726563 12789.9609375 77569.19580419581 1287
330 0.1 201714.97485351563 0.0 201714.97485351563 12789.9609375 77569.19580419581 1287
340 0 0 0 201714.97485351563 12789.9609375 77665.58227861299 1288
350 0 0 0 201714.97485351563 12789.9609375 77665.58227861299 1288
360 0 0 0 201714.97485351563 12789.9609375 77665.58227861299 1288
360 0 0 0 201714.97485351563 12789.9609375 77665.58227861299 1288
