10 327.53125 327.53125
20 468.15 795.68125
30 1012.709375 1808.390625
40 2013.79765625 3822.18828125
50 2306.4875 6128.67578125
60 3291.51640625 9420.1921875
70 5281.31875 14701.5109375
80 6289.0328125 20990.54375
90 6517.9546875 27508.4984375
100 7349.865625 34858.3640625
110 9258.709375 44117.0734375
120 5349.56953125 49466.64296875
130 9626.62578125 59093.26875
140 10313.48515625 69406.75390625
150 6376.8890625 75783.64296875
160 6146.9171875 81930.56015625
170 5582.9015625 87513.46171875
180 9140.68671875 96654.1484375
190 7632.81484375 104286.96328125
200 3249.4921875 107536.45546875
210 1645.73359375 109182.1890625
220 918.71640625 110100.90546875
230 425.88359375 110526.7890625
240 255.73671875 110782.52578125
250 105.35078125 110887.8765625
260 77.24140625 110965.11796875
270 27.11171875 110992.2296875
280 11.03984375 111003.26953125
290 0 111003.26953125
300 0 111003.26953125
310 0 111003.26953125
320 0 111003.26953125
330 0 111003.26953125
340 0 111003.26953125
350 0 111003.26953125
360 0 111003.26953125
360 0 111003.26953125
