10 17.728125 17.728125
20 31.20078125 48.92890625
30 55.2515625 104.18046875
40 126.59609375 230.7765625
50 137.64609375 368.42265625
60 221.89765625 590.3203125
70 320.29296875 910.61328125
80 400.08046875 1310.69375
90 486.60625 1797.3
100 514.80078125 2312.10078125
110 622.95625 2935.05703125
120 494.5875 3429.64453125
130 552.34609375 3981.990625
140 606.19296875 4588.18359375
150 482.6859375 5070.86953125
160 417.70546875 5488.575
170 358.7703125 5847.3453125
180 428.64921875 6275.99453125
190 430.88359375 6706.878125
200 266.0984375 6972.9765625
210 137.090625 7110.0671875
220 76.89453125 7186.96171875
230 36.3046875 7223.26640625
240 21.85546875 7245.121875
250 8.83203125 7253.95390625
260 6.42421875 7260.378125
270 2.409375 7262.7875
280 0.803125 7263.590625
290 0 7263.590625
300 0 7263.590625
310 0 7263.590625
320 0 7263.590625
330 0 7263.590625
340 0 7263.590625
350 0 7263.590625
360 0 7263.590625
360 0 7263.590625
