10 1 136.98212890625 282.312851946115 860.2509765625 1.783935546875 0 0
20 2 1.79468994140625 0.2495759523727395 860.2509765625 1.5830078125 136.98212890625 10
30 3.2 1.71563720703125 0.08471119007388518 860.2509765625 1.575927734375 46.85716959635417 30
40 8.1 1.638988353587963 0.07581289867304378 860.2509765625 1.533935546875 23.558314169606856 62
50 16.1 1.6305424471079193 0.24017543283614928 860.2509765625 1.51708984375 11.14247227381993 143
60 30.5 1.647713883196722 0.14544576125566874 860.2509765625 1.51708984375 6.1049041748046875 304
70 58.7 1.652846588186755 0.1726201511256558 860.2509765625 1.49609375 3.872649595263752 609
80 76.7 211.5212453272695 663.2563488591904 3009.142822265625 1.287109375 2.783164340118102 1196
90 66.6 673.6490306224192 1766.6529440596296 15032.27197265625 1.287109375 84.3430767788064 1963
100 62.8 9440.736846729444 5543.524806530103 15049.077880859375 1.287109375 233.6309296733846 2629
110 63.9 20024.45924761895 10479.72351957668 31081.306884765625 1.287109375 2008.9034245801101 3257
120 65 27148.741259765626 9954.584987184866 31099.130126953125 1.287109375 4963.713530052856 3896
130 20.5 18401.481520341076 13740.29394101322 31099.130126953125 1.287109375 8135.791846003867 4546
140 15 59923.440953776044 10266.886938269061 63165.23681640625 1.287109375 8578.744147253947 4751
150 51 63128.7581897212 21.733423863431888 63208.06103515625 1.287109375 10150.199874856133 4901
160 8.2 63125.59032905393 19.161630747633097 63208.06103515625 1.287109375 15143.558725453284 5411
170 0 0 0 63208.06103515625 1.287109375 15859.83882585293 5493
180 0 0 0 63208.06103515625 1.287109375 15859.83882585293 5493
190 0 0 0 63208.06103515625 1.287109375 15859.83882585293 5493
200 0 0 0 63208.06103515625 1.287109375 15859.83882585293 5493
210 0 0 0 63208.06103515625 1.287109375 15859.83882585293 5493
211 0 0 0 63208.06103515625 1.287109375 15859.83882585293 5493
