10 2.6 358.02505258413464 467.7200932687777 2092.43798828125 11.889892578125 0 0
20 10.6 171.83953742261207 292.16967591870167 2092.43798828125 5.34814453125 358.02505258413464 26
30 18.9 98.41003353381284 178.56350384408523 2092.43798828125 5.27685546875 208.5124419241241 132
40 35.9 224.53529158143283 243.97372373061265 2092.43798828125 5.27685546875 143.6857902550623 321
50 47.6 832.6372434471836 1276.708683341345 6470.2470703125 1.3330078125 186.36957110236676 680
60 150.7 816.8729772131096 1496.8402202928885 7503.844970703125 1.3330078125 452.47978912670305 1156
70 325.4 330.97556703048093 835.7473162714573 7503.844970703125 1.321044921875 658.6910300002347 2663
80 444.2 466.13023764633 812.649245097259 7503.844970703125 1.241943359375 478.46691025989685 5917
90 463.5 567.7673268208089 958.4683563945156 10003.89404296875 1.241943359375 473.1768726356606 10359
100 446.6 1526.2483188955412 3796.7169705341576 20940.48583984375 1.241943359375 502.41701903743206 14994
110 451.9 3144.847439122056 7814.709193933165 35136.215087890625 1.241943359375 737.3826195084657 19460
120 447.1 4604.867297420603 11031.319116741588 39605.35791015625 1.241943359375 1191.0851725688024 23979
130 392.8 1817.1516468180275 6825.496489748091 44933.56591796875 1.241943359375 1727.570932857463 28450
140 144.9 5551.717466618952 17512.224287585705 66276.05200195313 1.241943359375 1738.4385912809944 32378
150 187.2 18070.34419537404 28167.54470845354 67010.27905273438 1.241943359375 1901.7826977747625 33827
160 289.2 2235.4761754374877 11135.905305850307 67010.27905273438 1.241943359375 2749.636898830978 35699
170 101 6.926631632889851 6.122877788426546 67010.27905273438 1.241943359375 2711.1058213244623 38591
180 9 6.2158881293402795 3.392860635973795 67010.27905273438 1.241943359375 2642.137336145086 39601
190 0.5 6.32001953125 1.0331108689538888 67010.27905273438 1.241943359375 2636.1603405964374 39691
200 0 0 0 67010.27905273438 1.241943359375 2635.8290930751423 39696
210 0 0 0 67010.27905273438 1.241943359375 2635.8290930751423 39696
211 0 0 0 67010.27905273438 1.241943359375 2635.8290930751423 39696
