10 4.1 227.01813786204264 388.1104256803073 2092.43798828125 7.152099609375 0 0
20 16.1 113.11924070749224 247.74434269121153 2092.43798828125 5.34814453125 227.01813786204264 41
30 27.1 68.61819649446494 155.27399831833353 2092.43798828125 5.27685546875 136.23733369430693 202
40 52.3 154.1399822052761 201.25978485123449 2092.43798828125 5.27685546875 97.49571386099366 473
50 70.4 692.8514175415033 1123.3799989620313 4550.408935546875 1.33203125 127.23964191727852 996
60 233.4 509.64136871887 888.7300958190159 4891.738037109375 1.31396484375 361.46945958754577 1700
70 471.7 226.904552557571 589.3974486016565 4891.738037109375 1.30712890625 447.19906690348796 4034
80 618.5 331.9886039419332 665.6535103266672 6911.68798828125 1.241943359375 328.45501203322283 8751
90 641.9 408.16473517036763 823.6051948570251 10003.89404296875 1.241943359375 329.9182730104171 14936
100 610.5 1116.5247358242448 3306.830047031411 20940.48583984375 1.241943359375 353.43801267816343 21355
110 625.2 2272.910116536154 6785.7697572154275 34262.51806640625 1.241943359375 523.0900317898469 27460
120 617.6 3334.293926100657 9605.777228468456 39605.35791015625 1.241943359375 847.5998552899035 33712
130 514.2 1384.6102152008004 6008.789813826594 44933.56591796875 1.241943359375 1232.6234859890415 39888
140 158.8 5099.05155979416 16799.513726890083 66017.46606445313 1.241943359375 1249.9789326158873 45030
150 290.2 11670.80789590489 24221.705240104795 67010.27905273438 1.241943359375 1381.0941098426902 46618
160 392.8 1621.9369613740676 9549.219051163222 67010.27905273438 1.241943359375 1984.0979347044129 49520
170 103.9 6.7065326297822425 5.284070027879476 67010.27905273438 1.241943359375 1957.4820032712146 53448
180 9 6.2158881293402795 3.392860635973795 67010.27905273438 1.241943359375 1920.2831170415368 54487
190 0.5 6.32001953125 1.0331108689538888 67010.27905273438 1.241943359375 1917.1267315567704 54577
200 0 0 0 67010.27905273438 1.241943359375 1916.951691551638 54582
210 0 0 0 67010.27905273438 1.241943359375 1916.951691551638 54582
211 0 0 0 67010.27905273438 1.241943359375 1916.951691551638 54582
