20 0.6 11588.621907552084 3497.6234146070187 18047.85009765625 7447.781005859375 0 0
30 1.4 12767.57186453683 4127.367837356845 24503.64111328125 7396.26318359375 11588.621907552084 6
40 2.9 16204.301463160024 5656.665973137153 27758.0439453125 5104.429931640625 12413.886877441406 20
50 2.9 14654.434789197197 4776.572544639934 28043.14794921875 5104.429931640625 14657.193468989159 49
60 7.4 17662.033787082975 5189.927872516811 29104.972900390625 5036.52001953125 14656.167805989584 78
70 25.5 16512.262186925567 5332.960178227544 31809.51806640625 5036.52001953125 16119.549928363998 152
80 45.9 15426.316432312942 5825.178725598806 35501.655029296875 3472.291015625 16365.598149330091 407
90 55.1 16503.783036081415 4647.665148079038 35501.655029296875 3472.291015625 15867.757146892596 866
100 54.9 18373.743677246996 5005.1617580687935 36535.214111328125 3472.291015625 16115.075611919441 1417
110 56.3 21389.79684811416 4942.099153900015 40919.06005859375 3472.291015625 16745.802350406128 1966
120 54.7 30883.842764957302 5660.666185300284 53043.133056640625 3472.291015625 17779.637424431283 2529
130 61.9 43425.8691264262 5621.398331756145 56749.054931640625 3472.291015625 20109.936618601547 3076
140 41.2 50175.93012244954 4904.9651501063645 90146.75415039063 3472.291015625 24015.907450088274 3695
150 13.5 60392.77213179978 6610.274114097595 90146.75415039063 3472.291015625 26640.190221213878 4107
160 33 76319.62488014915 4506.607796994398 90146.75415039063 3472.291015625 27714.353011861942 4242
170 33.7 80414.8630414562 4227.157682093859 94766.43383789063 3472.291015625 31222.607543037528 4572
180 4.9 87523.44834183676 4592.668587660053 104006.31787109375 3472.291015625 34599.62732363787 4909
190 0.4 97810.3599243164 2380.837125844804 104006.31787109375 3472.291015625 35122.67436476166 4958
200 0 0 0 104006.31787109375 3472.291015625 35173.208573193384 4962
210 0 0 0 104006.31787109375 3472.291015625 35173.208573193384 4962
211 0 0 0 104006.31787109375 3472.291015625 35173.208573193384 4962
