10 119.81796875 119.81796875
20 440.734375 560.55234375
30 753.709375 1314.26171875
40 1413.58515625 2727.846875
50 1362.98046875 4090.82734375
60 2272.0984375 6362.92578125
70 3155.31640625 9518.2421875
80 5301.09375 14819.3359375
90 6317.7015625 21137.0375
100 4547.74375 25684.78125
110 6194.403125 31879.184375
120 6365.734375 38244.91875
130 8226.56015625 46471.47890625
140 2744.5875 49216.06640625
150 2612.15859375 51828.225
160 6527.65625 58355.88125
170 1828.35390625 60184.23515625
180 104.07578125 60288.3109375
190 2.84375 60291.1546875
200 0 60291.1546875
210 0 60291.1546875
211 0 60291.1546875
