10 14.5296875 14.5296875
20 71.275 85.8046875
30 129.44375 215.2484375
40 224.94140625 440.18984375
50 285.8390625 726.02890625
60 647.2234375 1373.25234375
70 1065.62890625 2438.88125
80 1381.82265625 3820.70390625
90 1704.5875 5525.29140625
100 1581.64140625 7106.9328125
110 1695.9 8802.8328125
120 1732.83984375 10535.67265625
130 1651.5796875 12187.25234375
140 598.95859375 12786.2109375
150 736.1375 13522.3484375
160 1126.52578125 14648.87421875
170 392.73671875 15041.6109375
180 42.28125 15083.8921875
190 2.5859375 15086.478125
200 0 15086.478125
210 0 15086.478125
211 0 15086.478125
