10 1.3 13
20 6.8 81
30 11.3 194
40 15.2 346
50 23.2 578
60 36.7 945
70 34.9 1294
80 40.5 1699
90 48.4 2183
100 45.8 2641
110 44.5 3086
120 42.9 3515
130 43.7 3952
140 43.9 4391
150 41.8 4809
160 39.8 5207
170 39.7 5604
180 29.9 5903
190 29.4 6197
200 29.7 6494
210 32.1 6815
220 29.9 7114
230 25.9 7373
240 19.9 7572
250 20.3 7775
260 26.1 8036
270 23.9 8275
280 24 8515
290 26.8 8783
300 28 9063
310 25 9313
320 27.5 9588
330 27.3 9861
340 13.4 9995
350 5 10045
360 3.1 10076
370 0.8 10084
380 0.8 10092
390 0.1 10093
400 0.1 10094
410 0 10094
420 0 10094
420 0 10094
