10 0.8 111.640625 290.5541558610203 880.3740234375 1.19287109375 0 0
20 1.9 1.6932308799342106 0.39340981188903323 880.3740234375 1.0439453125 111.640625 8
30 1.7 1.683205997242647 0.3001504209946738 880.3740234375 1.0439453125 34.270236545138886 27
40 3.3 1.6673694957386365 0.49120812121498 880.3740234375 1.01513671875 21.679792924360793 44
50 6.3 1.5854724702380953 0.364853756617939 880.3740234375 0.965087890625 13.103040026379869 77
60 5.4 1.7692328559027777 1.2856287850660133 880.3740234375 0.85302734375 7.920134626116071 140
70 7.8 1.8867563100961537 1.525342198316797 880.3740234375 0.85302734375 6.208027947809279 194
80 12.4 1.5706216135332662 0.42661640069291784 880.3740234375 0.8359375 4.968839757582721 272
90 16.4 1.5311487709603664 0.40346745858643734 880.3740234375 0.8359375 3.904751247829861 396
100 23.3 1.4996489823631973 0.3871143571283513 880.3740234375 0.820068359375 3.209624808175223 560
110 23.2 1.5843011264143314 0.7966014488095761 880.3740234375 0.820068359375 2.707198115345208 793
120 28.3 1.5183364275066256 0.6361326486005339 880.3740234375 0.801025390625 2.453039967606707 1025
130 0.8 1.58502197265625 0.4702135563374263 880.3740234375 0.801025390625 2.250806709312882 1308
140 0 0 0 880.3740234375 0.801025390625 2.24675938568579 1316
150 0 0 0 880.3740234375 0.801025390625 2.24675938568579 1316
160 0.1 12.031005859375 0.0 880.3740234375 0.801025390625 2.24675938568579 1316
170 0.2 1.4945068359375 0.2584228515625 880.3740234375 0.801025390625 2.2541885781487276 1317
180 0.1 2.154052734375 0.0 880.3740234375 0.801025390625 2.253036672550227 1319
190 0 0 0 880.3740234375 0.801025390625 2.252961684718276 1320
200 0 0 0 880.3740234375 0.801025390625 2.252961684718276 1320
210 0.1 1.239990234375 0.0 880.3740234375 0.801025390625 2.252961684718276 1320
220 0 0 0 880.3740234375 0.801025390625 2.2521948630299007 1321
230 0 0 0 880.3740234375 0.801025390625 2.2521948630299007 1321
240 0 0 0 880.3740234375 0.801025390625 2.2521948630299007 1321
250 0 0 0 880.3740234375 0.801025390625 2.2521948630299007 1321
260 0 0 0 880.3740234375 0.801025390625 2.2521948630299007 1321
270 0 0 0 880.3740234375 0.801025390625 2.2521948630299007 1321
280 0 0 0 880.3740234375 0.801025390625 2.2521948630299007 1321
290 0 0 0 880.3740234375 0.801025390625 2.2521948630299007 1321
300 0 0 0 880.3740234375 0.801025390625 2.2521948630299007 1321
310 0 0 0 880.3740234375 0.801025390625 2.2521948630299007 1321
320 0 0 0 880.3740234375 0.801025390625 2.2521948630299007 1321
330 0.1 10.102783203125 0.0 880.3740234375 0.801025390625 2.2521948630299007 1321
340 0 0 0 880.3740234375 0.801025390625 2.2581332808363266 1322
350 0 0 0 880.3740234375 0.801025390625 2.2581332808363266 1322
360 0 0 0 880.3740234375 0.801025390625 2.2581332808363266 1322
370 0 0 0 880.3740234375 0.801025390625 2.2581332808363266 1322
380 0 0 0 880.3740234375 0.801025390625 2.2581332808363266 1322
390 0 0 0 880.3740234375 0.801025390625 2.2581332808363266 1322
400 0 0 0 880.3740234375 0.801025390625 2.2581332808363266 1322
410 0 0 0 880.3740234375 0.801025390625 2.2581332808363266 1322
420 0 0 0 880.3740234375 0.801025390625 2.2581332808363266 1322
420 0 0 0 880.3740234375 0.801025390625 2.2581332808363266 1322
