10 1 546.44580078125 414.48698677411835 1440.511962890625 114.083984375 0 0
20 5.1 413.3173157935049 302.1383444069394 1477.116943359375 40.532958984375 546.44580078125 10
30 9.7 249.15234123308633 254.50031444768928 1477.116943359375 38.4130859375 435.1416575947746 61
40 12.6 375.60647437686026 471.11029332849347 2395.64892578125 36.485107421875 320.95834311956094 158
50 18.9 949.3191899698247 1117.170882331163 4341.093994140625 35.356201171875 345.2036407900529 284
60 30 966.2114396158854 1303.0761782018683 7809.371826171875 35.356201171875 586.5944204834501 473
70 29.8 1034.7918258769391 1410.009178995311 8316.066162109375 35.356201171875 733.9231471842659 773
80 33.3 1268.3164700344876 1882.3714736373288 9407.68798828125 35.356201171875 817.6382417224701 1071
90 39.3 2452.9520888000966 4017.715949512609 16291.6279296875 35.356201171875 924.5298727964741 1404
100 37 3032.396295001057 5307.963969110954 24207.39306640625 35.356201171875 1258.7924943264816 1797
110 35.3 4507.6963284846415 7784.4118696208025 30648.3828125 35.356201171875 1561.622861769764 2167
120 35.2 5494.696961142802 10113.890102414829 42007.43115234375 35.356201171875 1974.306962464348 2520
130 33.1 14781.695050657341 16583.806488578426 57143.0 35.356201171875 2405.7753745586433 2872
140 36.3 15615.890596752324 17578.83195021054 57143.0 35.356201171875 3684.710564314706 3203
150 34.5 19124.08475713315 20397.48654637476 64425.30615234375 35.356201171875 4899.241790275126 3566
160 37.2 21528.914902553763 24209.359222976855 70766.68994140625 35.356201171875 6154.054069376639 3911
170 38.4 23647.582525889084 24796.07292118957 70766.68994140625 35.356201171875 7489.4377326831745 4283
180 39.6 28966.255134967843 26364.17765546074 85347.23706054688 35.356201171875 8818.927254986811 4667
190 29.2 17977.63430744327 24754.01684588033 96024.67895507813 35.356201171875 10394.740377734684 5063
200 28.8 19472.645350986055 24192.75584279422 106138.55004882813 35.356201171875 10808.224042996106 5355
210 30.8 17686.652163815186 27535.40823095244 112541.50708007813 35.356201171875 11250.427363340092 5643
220 27.8 24688.126326087564 35191.74845173355 138334.81982421875 35.356201171875 11583.540661701096 5951
230 22.3 33001.28742139328 39143.97896929903 138334.81982421875 35.352783203125 12168.397751875993 6229
240 21 39647.33547014508 38575.480368256736 142072.74291992188 35.352783203125 12888.443380565137 6452
250 21.7 32815.58068791404 39186.77553546062 154959.916015625 35.352783203125 13731.9389282703 6662
260 26.8 26300.48456903714 30181.949264103696 154959.916015625 35.352783203125 14333.937803374629 6879
270 23.9 26184.559159665918 37923.44068044017 156603.43994140625 35.352783203125 14782.662377769138 7147
280 24 36014.53998311361 48482.25251781755 163028.77197265625 35.352783203125 15151.610838488517 7386
290 26.8 27010.30323540987 42120.443699053765 167349.34814453125 35.352783203125 15808.19397443266 7626
300 28 21581.18143572126 30727.207563286094 167349.34814453125 35.352783203125 16188.503739056663 7894
310 25 18138.621249023454 19476.275519373532 167349.34814453125 35.352783203125 16373.229669453787 8174
320 27.5 12569.448466796879 12903.572651121585 167349.34814453125 35.352783203125 16425.621394868365 8424
330 27.3 7679.5981624170145 8214.163519193518 167349.34814453125 35.352783203125 16303.716859264314 8699
340 13.4 1008.4491148991369 2289.662446347872 167349.34814453125 35.352783203125 16041.302190936258 8972
350 5 49.8128662109375 11.484988770387057 167349.34814453125 35.315185546875 15820.085156872017 9106
360 3.1 48.31730405745968 11.525166291631342 167349.34814453125 35.315185546875 15733.965277608906 9156
370 0.8 79.62750244140625 81.37413505718128 167349.34814453125 35.315185546875 15681.036673365943 9187
380 0.8 45.163543701171875 2.3476972003148546 167349.34814453125 35.315185546875 15667.462853532621 9195
390 0.1 90.427001953125 0.0 167349.34814453125 35.315185546875 15653.882673756607 9203
400 0.1 48.27294921875 0.0 167349.34814453125 35.315185546875 15652.19172898566 9204
410 0 0 0 167349.34814453125 35.315185546875 15650.49657213832 9205
420 0 0 0 167349.34814453125 35.315185546875 15650.49657213832 9205
420 0 0 0 167349.34814453125 35.315185546875 15650.49657213832 9205
