10 1.6 347.9185028076172 397.36420340784906 1440.511962890625 9.160888671875 0 0
20 8.4 249.8016560872396 275.17042012540287 1440.511962890625 8.55908203125 347.9185028076172 16
30 13 186.62891751802886 217.1433332316861 1440.511962890625 8.43310546875 265.5003515625 100
40 17.8 265.81044949306516 406.2874903681931 2395.64892578125 7.589111328125 220.9208453634511 230
50 27.7 658.2622793039255 996.3884993097197 4341.093994140625 7.373046875 240.50503540039054 408
60 42.9 686.8331409801143 1007.5573523930229 4578.68310546875 7.302978515625 409.4375267307252 685
70 40.3 766.4829331769544 1175.1923250059588 4841.886962890625 7.302978515625 516.2622291660824 1114
80 47.1 944.5967242651938 1634.0054280832148 9407.68798828125 7.055908203125 582.7348354392409 1517
90 54.8 1991.024972289148 3649.1717024813656 15934.342041015625 6.89990234375 668.4677074900578 1988
100 51.5 2504.0638140928395 4978.327914297331 23619.049072265625 6.616943359375 954.256895624877 2536
110 50.6 3310.547774846375 6572.529930214735 30648.3828125 6.616943359375 1215.8598333538184 3051
120 50.6 3942.0214438457256 8485.067206443411 40287.47998046875 6.616943359375 1513.8390569678845 3557
130 53.3 9899.24559539165 14555.270479798652 46219.468994140625 6.616943359375 1816.2412936797202 4063
140 51.1 11627.072732884353 16223.745598800979 49846.4619140625 6.616943359375 2753.630608913066 4596
150 50.1 13970.15500346962 18978.812755651365 55729.072998046875 6.616943359375 3641.4960730503935 5107
160 50.3 17590.32014116473 23284.14786707926 59902.1708984375 6.616943359375 4564.223983917019 5608
170 51.7 20327.466313788245 24701.13084023814 59977.33203125 6.616943359375 5636.409610998609 6111
180 51.3 29793.62941642301 27020.999142502133 59999.714111328125 6.616943359375 6782.347498044814 6628
190 36.6 16250.333810941764 23416.398276710195 59999.714111328125 6.616943359375 8435.447571441819 7141
200 32.2 19334.399364779452 23557.310910531654 59999.714111328125 6.616943359375 8816.458409813602 7507
210 34.9 14216.139200729764 21499.74079375009 59999.714111328125 6.616943359375 9249.052226073532 7829
220 33.8 17701.961351383372 25649.117593402116 59999.714111328125 6.616943359375 9461.025001098604 8178
230 32.4 22407.899923442328 27480.675263854853 60002.072998046875 6.616943359375 9788.10772613339 8516
240 34.7 31637.98465713369 29258.438852446943 60003.027099609375 6.616943359375 10250.643096261003 8840
250 24.8 26146.03787034557 28368.877719639677 60003.785888671875 6.616943359375 11058.459306299408 9187
260 28.7 23464.256675161974 25084.931157484418 60660.05908203125 6.616943359375 11455.037947940473 9435
270 25.8 17552.091828102304 21000.231059998874 60660.05908203125 6.616943359375 11809.558188087825 9722
280 26.3 18341.79370674163 20490.266175330937 60660.05908203125 6.616943359375 11958.01246455313 9980
290 28.1 16898.97833403998 21345.16488689999 60660.05908203125 6.616943359375 12121.922887934521 10243
300 28 17955.069727434442 20308.061916809307 60660.05908203125 6.616943359375 12249.474444410731 10524
310 25 17713.415548828118 17755.0944628342 60660.05908203125 6.616943359375 12397.342519128117 10804
320 27.5 12569.448466796879 12903.572651121585 60660.05908203125 6.616943359375 12517.57214256081 11054
330 27.3 7679.5981624170145 8214.163519193518 60660.05908203125 6.616943359375 12518.831387786771 11329
340 13.4 1008.4491148991369 2289.662446347872 60660.05908203125 6.616943359375 12404.962169503204 11602
350 5 49.8128662109375 11.484988770387057 60660.05908203125 6.616943359375 12274.838383774084 11736
360 3.1 48.31730405745968 11.525166291631342 60660.05908203125 6.616943359375 12222.97589642654 11786
370 0.8 79.62750244140625 81.37413505718128 60660.05908203125 6.616943359375 12191.037636600575 11817
380 0.8 45.163543701171875 2.3476972003148546 60660.05908203125 6.616943359375 12182.843870759283 11825
390 0.1 90.427001953125 0.0 60660.05908203125 6.616943359375 12174.637883890655 11833
400 0.1 48.27294921875 0.0 60660.05908203125 6.616943359375 12173.61674050026 11834
410 0 0 0 60660.05908203125 6.616943359375 12172.592207860524 11835
420 0 0 0 60660.05908203125 6.616943359375 12172.592207860524 11835
420 0 0 0 60660.05908203125 6.616943359375 12172.592207860524 11835
