40 0.5 24886.128955078126 5467.873095681736 31435.893798828125 15377.93115234375 0 0
50 0.5 33685.75336914063 3739.2085148927 37637.9189453125 15377.93115234375 24886.128955078126 5
60 1.3 36331.693321814906 8522.365024137183 50442.637939453125 15377.93115234375 29285.941162109375 10
70 1.8 30960.935248480902 9641.339701248537 50442.637939453125 10536.88818359375 33268.32281759511 23
80 1.9 40950.15785618832 12392.438531034813 72402.86889648438 10536.88818359375 32255.323397008386 41
90 2.1 44476.14179920015 13529.097924411273 78606.89013671875 10536.88818359375 35008.68764241537 60
100 2.6 49398.86942232572 12914.326031471313 84067.90405273438 10536.88818359375 37463.21279417438 81
110 2.6 50823.2311354417 12215.941389633357 84067.90405273438 10536.88818359375 40363.46580662237 107
120 1.1 58268.04410067471 18174.998123170924 90569.93286132813 10536.88818359375 42408.231961128404 133
130 1.8 63450.82431369358 19299.09369300702 104146.50903320313 10536.88818359375 43619.74538845486 144
140 2.9 66867.48840752963 16077.740662076301 104146.50903320313 10536.88818359375 45823.19860237028 162
150 2.9 74391.91829707702 18744.4680447264 119197.94677734375 10536.88818359375 49018.404907865675 191
160 2.5 81611.61270507812 16193.329243965962 135144.9150390625 10536.88818359375 52363.09530917081 220
170 2.9 92960.95900963093 17009.0189353322 135144.9150390625 10536.88818359375 55347.63790058992 245
180 3.4 92323.51910759421 14344.618408369477 135144.9150390625 10536.88818359375 59328.60984278769 274
190 3 95634.19881998698 18538.084338544497 141256.955078125 10536.88818359375 62970.90502137023 308
200 4.8 102456.37009175618 22269.280571665757 180886.88403320313 10536.88818359375 65870.01393840722 338
210 5.6 107149.59150041852 17424.241398321803 180886.88403320313 10536.88818359375 70419.61263105166 386
220 7.8 114596.80132587139 15529.11411218758 180886.88403320313 10536.88818359375 75073.18461450085 442
230 7.3 129794.62561536815 20136.777112687665 185646.98803710938 10536.88818359375 81001.72712120644 520
240 4.3 145333.36447924236 22761.875114660055 207003.00805664063 10536.88818359375 87008.27280429885 593
250 2.4 156589.8483988444 25426.15860669665 210545.9521484375 10536.88818359375 90951.63592068655 636
260 3.5 158946.54454520094 14741.862161182116 210545.9521484375 10536.88818359375 93338.48001080137 660
270 3.5 177409.8900878906 18702.918607155763 223682.99389648438 10536.88818359375 96642.48326073516 695
280 3.6 189561.93381076388 16526.62638631709 227657.93896484375 10536.88818359375 100514.89317710562 730
290 2.7 187415.5166377315 14247.742939611015 227657.93896484375 10536.88818359375 104699.87158808696 766
300 6.5 201852.7983961839 15944.003377400506 240604.93408203125 10536.88818359375 107516.16719507359 793
310 6.3 207180.8230639261 15065.018709918704 240604.93408203125 10536.88818359375 114662.88168000619 858
320 7.3 218048.69215204948 12467.79057082634 250844.94311523438 10536.88818359375 120991.47050431342 921
330 7.5 225126.99715820313 13688.919062261395 257488.00903320313 10536.88818359375 128119.41535369444 994
340 9.3 230347.23387884325 12161.841309371526 262985.8759765625 10536.88818359375 134925.37291715387 1069
350 6.2 239305.07908187373 12389.24903220125 272401.9599609375 10536.88818359375 142562.40653973314 1162
360 4 249013.05808105468 12116.268116307569 277638.03515625 10536.88818359375 147462.7706717697 1224
370 3 256213.49489746094 10762.439894627267 284246.00390625 10536.88818359375 150676.38736193694 1264
380 0.8 266550.2208557129 9886.253009945687 284246.00390625 10536.88818359375 153123.15183339422 1294
390 0.8 278967.3569946289 12534.504200588444 305453.93994140625 10536.88818359375 153820.09234966038 1302
400 0.3 295893.34529622394 9034.422160343944 306324.02392578125 10536.88818359375 154584.3504543625 1310
410 0.2 305276.99853515625 6195.99853515625 311472.9970703125 10536.88818359375 154907.2194448618 1313
420 0 0 0 311472.9970703125 10536.88818359375 155135.91872864933 1315
420 0 0 0 311472.9970703125 10536.88818359375 155135.91872864933 1315
