10 6.228125 6.228125
20 39.15703125 45.38515625
30 76.81015625 122.1953125
40 97.578125 219.7734375
50 153.8875 373.6609375
60 248.746875 622.4078125
70 249.2578125 871.665625
80 286.040625 1157.70625
90 335.334375 1493.040625
100 330.846875 1823.8875
110 317.4234375 2141.3109375
120 340.3671875 2481.678125
130 303.2703125 2784.9484375
140 309.10625 3094.0546875
150 319.246875 3413.3015625
160 311.71640625 3725.01796875
170 317.44296875 4042.4609375
180 319.4015625 4361.8625
190 267.57578125 4629.43828125
200 212.72578125 4842.1640625
210 209.665625 5051.8296875
220 212.1671875 5263.996875
230 206.7171875 5470.7140625
240 205.2640625 5675.978125
250 179.63984375 5855.61796875
260 180.2921875 6035.91015625
270 174.8078125 6210.71796875
280 165.65625 6376.37421875
290 175.271875 6551.64609375
300 172.82421875 6724.4703125
310 143.3859375 6867.85625
320 152.553125 7020.409375
330 119.659375 7140.06875
340 83.3625 7223.43125
350 35.13203125 7258.56328125
360 21.9578125 7280.52109375
370 4.9796875 7285.50078125
380 5.56875 7291.06953125
390 0.5125 7291.58203125
400 0.80546875 7292.3875
410 0 7292.3875
420 0 7292.3875
420 0 7292.3875
