10 91.11953125 91.11953125
20 630.609375 721.72890625
30 1507.43671875 2229.165625
40 1527.0578125 3756.2234375
50 2462.76796875 6218.99140625
60 4369.903125 10588.89453125
70 4112.18828125 14701.0828125
80 4084.1234375 18785.20625
90 4817.540625 23602.746875
100 4245.659375 27848.40625
110 3957.8625 31806.26875
120 3661.76484375 35468.03359375
130 4590.1296875 40058.16328125
140 5079.0765625 45137.23984375
150 4888.775 50026.01484375
160 5507.73515625 55533.75
170 4831.53125 60365.28125
180 3880.2671875 64245.5484375
190 4123.91328125 68369.46171875
200 3927.70703125 72297.16875
210 4330.6015625 76627.7703125
220 3863.43984375 80491.21015625
230 3239.246875 83730.45703125
240 2243.5359375 85973.99296875
250 2902.51796875 88876.5109375
260 3848.33125 92724.8421875
270 3288.39140625 96013.23359375
280 3841.01875 99854.25234375
290 4052.13203125 103906.384375
300 3682.68046875 107589.06484375
310 3531.41171875 111120.4765625
320 3452.1328125 114572.609375
330 3075.9140625 117648.5234375
340 1488.90234375 119137.42578125
350 551.1890625 119688.61484375
360 346.82890625 120035.44375
370 89.334375 120124.778125
380 93.2828125 120218.0609375
390 10.07890625 120228.13984375
400 12.46328125 120240.603125
410 0 120240.603125
420 0 120240.603125
420 0 120240.603125
