0 0 0
10 10 10
20 28 28
30 44 44
40 74 74
50 131 131
60 171 171
70 233 233
80 345 345
90 479 480
100 690 690
110 897 897
120 1168 1168
130 1153 1171
140 1124 1171
150 1095 1171
160 1070 1171
170 1041 1171
180 1007 1171
190 977 1171
200 929 1171
210 873 1171
220 795 1171
230 722 1171
240 679 1171
250 655 1171
260 620 1171
270 585 1171
280 549 1171
290 522 1171
300 457 1171
310 394 1171
320 321 1171
330 246 1171
340 153 1171
350 91 1171
360 51 1171
370 21 1171
380 13 1171
390 5 1171
400 2 1171
410 0 1171
420 0 1171
420 0 1171
