10 1.2 99.54563395182292 245.3169160937318 861.14501953125 1.619873046875 0 0
20 1.1 1.7874422940340908 0.11344726608005301 861.14501953125 1.619873046875 99.54563395182292 12
30 2.2 1.8063077059659092 0.1079916365572559 861.14501953125 1.619873046875 52.79171620244565 23
40 3.4 1.7549977022058822 0.0922259682218002 861.14501953125 1.592041015625 27.865516493055555 45
50 4.9 1.71533203125 0.096635300688168 861.14501953125 1.583984375 16.628078026107595 79
60 5.8 1.6892047750538792 0.08705491913270744 861.14501953125 1.556884765625 10.919292449951172 128
70 10.2 1.7089197495404411 0.18536567123228156 861.14501953125 1.556884765625 8.041093067456318 186
80 13.5 1.7273980034722223 0.3278762903722125 861.14501953125 1.556884765625 5.7984483506944455 288
90 21.1 1.660788007257109 0.09242753849856561 861.14501953125 1.533935546875 4.499176963283097 423
100 27.4 1.6932399777600362 0.7216513602224393 861.14501953125 1.505126953125 3.5545396293375395 634
110 30.3 1.6784643796410887 0.5948433712619189 861.14501953125 1.505126953125 2.9928699106897025 908
120 40.6 1.6318678080741988 0.3157484374615919 861.14501953125 1.5 2.663997180790669 1211
130 9.9 1.6866196141098482 0.10870614148653986 861.14501953125 1.4990234375 2.404847814480906 1617
140 1.7 1.8374885110294117 0.10784362386569905 861.14501953125 1.4990234375 2.3634115721518065 1716
150 0.5 1.781005859375 0.03587953619904928 861.14501953125 1.4990234375 2.358252488459319 1733
160 0 0 0 861.14501953125 1.4990234375 2.356591824969433 1738
170 0.2 1.8045654296875 0.0145263671875 861.14501953125 1.4990234375 2.356591824969433 1738
180 0.3 1.8656412760416667 0.046912425606692294 861.14501953125 1.4990234375 2.355957311871408 1740
190 0.3 2.1509602864583335 0.36057470087306726 861.14501953125 1.4990234375 2.355113394425918 1743
200 0.1 1.718017578125 0.0 861.14501953125 1.4990234375 2.354762615889891 1746
210 0.1 1.97705078125 0.0 861.14501953125 1.4990234375 2.3543981367612337 1747
220 0 0 0 861.14501953125 1.4990234375 2.3541822629880578 1748
230 0 0 0 861.14501953125 1.4990234375 2.3541822629880578 1748
240 0 0 0 861.14501953125 1.4990234375 2.3541822629880578 1748
250 0 0 0 861.14501953125 1.4990234375 2.3541822629880578 1748
260 0 0 0 861.14501953125 1.4990234375 2.3541822629880578 1748
270 0 0 0 861.14501953125 1.4990234375 2.3541822629880578 1748
280 0 0 0 861.14501953125 1.4990234375 2.3541822629880578 1748
290 0 0 0 861.14501953125 1.4990234375 2.3541822629880578 1748
300 0 0 0 861.14501953125 1.4990234375 2.3541822629880578 1748
