10 1.9 521.3084267064146 396.1150498067408 1695.409912109375 46.368896484375 0 0
20 4.2 382.59884207589283 353.71798766241864 1695.409912109375 11.43505859375 521.3084267064146 19
30 9 256.1665934244792 282.9936707811701 1695.409912109375 10.255859375 425.803466796875 61
40 12 396.838954671224 456.9647442051883 2327.8349609375 10.248046875 324.6953965749172 151
50 21.3 238.0760927871919 255.1310099939516 2327.8349609375 9.47607421875 356.64088355483165 271
60 24.9 834.0974003435615 603.3903774251401 3347.18603515625 9.47607421875 304.4625768740315 484
70 24 2301.918253580728 1414.0462299062085 8060.2509765625 1.41015625 484.3794541508568 733
80 46.9 2083.6036301472554 2649.2262368806896 9688.214111328125 0.0859375 932.6932381828909 973
90 76.2 1379.6991527487296 2601.727823930357 11362.61083984375 0.08203125 1307.018462753825 1442
100 100.7 1050.0243115088895 2164.122542998954 11787.732177734375 0.074951171875 1332.1467230878166 2204
110 132.7 891.6181973627657 2103.1362955373493 11787.732177734375 0.073974609375 1243.6704638352537 3211
120 143.5 850.1094612573504 1684.9695352026224 11787.732177734375 0.073974609375 1140.7234921276752 4538
130 125.9 1431.0185314175435 1658.3564096264115 11787.732177734375 0.073974609375 1070.9041158847626 5973
140 102 474.30607598996505 858.9183496273713 11787.732177734375 0.073974609375 1133.5954943631602 7232
150 53.6 15.429383690677472 11.572101728670916 11787.732177734375 0.073974609375 1052.1031038226054 8252
160 29.5 13.375331038135593 8.625116744449901 11787.732177734375 0.073974609375 988.8740284936666 8788
170 18 12.113819715711811 7.79566464236937 11787.732177734375 0.073974609375 957.1915319892757 9083
180 6.5 11.764625901442308 5.708938572945847 11787.732177734375 0.073974609375 938.8266406787671 9263
190 4.4 11.916281960227273 6.105181743434452 11787.732177734375 0.073974609375 932.3666244951772 9328
200 1.7 10.919548483455882 0.7755017451441949 11787.732177734375 0.073974609375 928.0452613846845 9372
210 0.8 11.52386474609375 1.4024596511740994 11787.732177734375 0.073974609375 926.3846865503763 9389
220 0.2 11.9468994140625 0.5489501953125 11787.732177734375 0.073974609375 925.6058330253752 9397
230 0.2 11.383544921875 0.33349609375 11787.732177734375 0.073974609375 925.4114168250111 9399
240 0 0 0 11787.732177734375 0.073974609375 925.2169634962369 9401
250 0 0 0 11787.732177734375 0.073974609375 925.2169634962369 9401
260 0 0 0 11787.732177734375 0.073974609375 925.2169634962369 9401
270 0 0 0 11787.732177734375 0.073974609375 925.2169634962369 9401
280 0 0 0 11787.732177734375 0.073974609375 925.2169634962369 9401
290 0 0 0 11787.732177734375 0.073974609375 925.2169634962369 9401
300 0 0 0 11787.732177734375 0.073974609375 925.2169634962369 9401
