10 3 347.2871500651042 383.36572100412855 1695.409912109375 7.109130859375 0 0
20 7.3 214.65695232234592 261.3768215460376 1695.409912109375 7.06201171875 347.2871500651042 30
30 12.2 188.00521300268954 233.97552164496474 1695.409912109375 6.864013671875 253.28710700470268 103
40 17.2 276.85025379269615 382.2095201258527 2327.8349609375 6.829833984375 217.88981336805554 225
50 30.3 170.17928221044747 203.07786639052 2327.8349609375 6.6669921875 243.43438705329027 397
60 34.8 610.892060378502 307.07715314896353 2327.8349609375 6.6669921875 211.72539167131688 700
70 33.3 2030.1421748897335 1059.8563331178734 3750.705078125 1.364013671875 344.27310227255776 1048
80 71.4 1426.9258561334698 1463.8303195928675 4471.302978515625 0.0859375 750.7860647501244 1381
90 108.3 974.9604174331289 1677.970945684301 5115.23291015625 0.08203125 981.2222514077419 2095
100 137.1 712.4506390750355 1212.4685252730458 5115.23291015625 0.074951171875 979.0883413402447 3178
110 181.3 652.9161797769152 1348.159341408646 5707.720947265625 0.073974609375 898.7277588373646 4549
120 192.6 620.448690032167 1137.207439306574 5707.720947265625 0.073974609375 828.6780271749008 6362
130 159 1115.2577897749586 1294.334842910664 6831.921875 0.073974609375 780.2888255174556 8288
140 106 416.54118836600867 588.5136510677004 6831.921875 0.073974609375 834.2066887660311 9878
150 53.6 15.429383690677472 11.572101728670916 6831.921875 0.073974609375 793.7307854542718 10938
160 29.5 13.375331038135593 8.625116744449901 6831.921875 0.073974609375 757.3729720199606 11474
170 18 12.113819715711811 7.79566464236937 6831.921875 0.073974609375 738.7240380332464 11769
180 6.5 11.764625901442308 5.708938572945847 6831.921875 0.073974609375 727.7783656508583 11949
190 4.4 11.916281960227273 6.105181743434452 6831.921875 0.073974609375 723.9044774301398 12014
200 1.7 10.919548483455882 0.7755017451441949 6831.921875 0.073974609375 721.3064113660598 12058
210 0.8 11.52386474609375 1.4024596511740994 6831.921875 0.073974609375 720.3062807930575 12075
220 0.2 11.9468994140625 0.5489501953125 6831.921875 0.073974609375 719.8370050065495 12083
230 0.2 11.383544921875 0.33349609375 6831.921875 0.073974609375 719.7198531479492 12085
240 0 0 0 6831.921875 0.073974609375 719.6026468422941 12087
250 0 0 0 6831.921875 0.073974609375 719.6026468422941 12087
260 0 0 0 6831.921875 0.073974609375 719.6026468422941 12087
270 0 0 0 6831.921875 0.073974609375 719.6026468422941 12087
280 0 0 0 6831.921875 0.073974609375 719.6026468422941 12087
290 0 0 0 6831.921875 0.073974609375 719.6026468422941 12087
300 0 0 0 6831.921875 0.073974609375 719.6026468422941 12087
