40 0.5 32900.296630859375 3511.077553380841 37955.924072265625 28561.898193359375 0 0
50 0.7 27137.148995535714 11432.226769239214 47116.661865234375 11804.75 32900.296630859375 5
60 0.8 40607.07638549805 3948.4119479773863 49617.9580078125 11804.75 29538.460510253906 12
70 1.3 32615.186410757207 11760.237615816042 51045.93701171875 11804.75 33965.90686035156 20
80 3 39748.61640625 13987.126849485763 71033.93310546875 11804.75 33433.804865056816 33
90 2.6 46721.61171311599 17918.445776406083 79602.96801757813 8983.966064453125 36440.85797991072 63
100 3.6 44492.86732991537 12635.286828745537 79602.96801757813 8983.966064453125 39444.224239049334 89
110 6.6 42844.93960478812 16378.617127982521 85220.951171875 8983.966064453125 40898.23344921875 125
120 11.1 42276.419473184105 15454.305747134076 92884.98901367188 8983.966064453125 41570.917251666804 191
130 12 44816.25294799804 16529.624833713482 92884.98901367188 7437.899169921875 41830.22435957548 302
140 16.3 43811.36022724549 15124.624337072994 100009.97290039063 7437.899169921875 42679.332015051084 422
150 20.8 48573.941628089306 14544.979635094061 100009.97290039063 7437.899169921875 42994.75184169671 585
160 18.3 52328.97775118466 15633.338301903426 107693.97192382813 7437.899169921875 44458.14588402919 793
170 14.6 61995.52353783177 14039.918200025197 107693.97192382813 7437.899169921875 45933.92685912084 976
180 10.2 70441.55746639478 14990.24288847105 134240.94213867188 7437.899169921875 48023.93854815096 1122
190 5.2 77052.66283240684 13010.460972920573 134240.94213867188 7437.899169921875 49892.07345800461 1224
200 3.5 85372.3673967634 10106.389510717114 134240.94213867188 7437.899169921875 50998.93133219655 1276
210 1 95256.17644042968 7653.010496385828 134240.94213867188 7437.899169921875 51916.605063897434 1311
220 1.3 101850.94645808294 8842.467129726254 134240.94213867188 7437.899169921875 52244.686603462396 1321
230 0.6 121079.7871907552 11156.604974734664 141991.98901367188 7437.899169921875 52728.10592738299 1334
240 0.1 113887.00415039063 0.0 141991.98901367188 7437.899169921875 53034.15823154734 1340
250 0.1 153229.95092773438 0.0 153229.95092773438 7437.899169921875 53079.536938421945 1341
260 0.1 144366.90283203125 0.0 153229.95092773438 7437.899169921875 53154.164668667334 1342
270 0 0 0 153229.95092773438 7437.899169921875 53222.081822921515 1343
280 0 0 0 153229.95092773438 7437.899169921875 53222.081822921515 1343
290 0 0 0 153229.95092773438 7437.899169921875 53222.081822921515 1343
300 0 0 0 153229.95092773438 7437.899169921875 53222.081822921515 1343
