10 115.19140625 115.19140625
20 259.29765625 374.4890625
30 483.3734375 857.8625
40 662.2546875 1520.1171875
50 1153.99921875 2674.11640625
60 1316.90859375 3991.025
70 1204.671875 5195.696875
80 1420.87734375 6616.57421875
90 1353.996875 7970.57109375
100 1729.91953125 9700.490625
110 1892.0015625 11592.4921875
120 2165.0421875 13757.534375
130 3086.821875 16844.35625
140 3948.38125 20792.7375
150 2124.34609375 22917.08359375
160 1173.28671875 24090.3703125
170 707.62578125 24797.99609375
180 260.103125 25058.09921875
190 173.125 25231.22421875
200 65.64609375 25296.8703125
210 32.95703125 25329.82734375
220 7.62421875 25337.4515625
230 8.0203125 25345.471875
240 0 25345.471875
250 0 25345.471875
260 0 25345.471875
270 0 25345.471875
280 0 25345.471875
290 0 25345.471875
300 0 25345.471875
