10 9.12578125 9.12578125
20 28.22109375 37.346875
30 54.07734375 91.42421875
40 73.28671875 164.7109375
50 141.94296875 306.65390625
60 167.2265625 473.88046875
70 166.5859375 640.46640625
80 238.6921875 879.15859375
90 329.58203125 1208.740625
100 407.2015625 1615.9421875
110 491.984375 2107.9265625
120 548.834375 2656.7609375
130 510.7109375 3167.471875
140 431.38125 3598.853125
150 256.8875 3855.740625
160 136.2875 3992.028125
170 85.15390625 4077.18203125
180 32.4609375 4109.64296875
190 19.30078125 4128.94375
200 8.29375 4137.2375
210 4.2484375 4141.4859375
220 1.35546875 4142.84140625
230 1.0625 4143.90390625
240 0 4143.90390625
250 0 4143.90390625
260 0 4143.90390625
270 0 4143.90390625
280 0 4143.90390625
290 0 4143.90390625
300 0 4143.90390625
