10 1.2 151.29608154296875 308.2702803971553 855.06201171875 0.87890625 0 0
20 1.3 7.624943659855769 7.661969440794147 855.06201171875 0.85400390625 151.29608154296875 12
30 2 6.70311279296875 7.357460520698272 855.06201171875 0.85400390625 76.58708984375 25
40 3.7 5.739218222128378 7.801126486069662 855.06201171875 0.784912109375 45.52754448784722 45
50 4.7 7.52383747506649 9.572078277696559 855.06201171875 0.784912109375 27.574275319169207 82
60 7 7.176789202008929 8.744057578301337 855.06201171875 0.77294921875 20.269077034883722 129
70 10.7 5.51257210134346 7.063670351703162 855.06201171875 0.718994140625 15.663749656485553 199
80 16.8 6.9611642020089315 8.129803286242547 855.06201171875 0.718994140625 12.114154890471815 306
90 17.7 7.704544326006358 9.14546111703422 855.06201171875 0.718994140625 10.287778443928008 474
100 21.5 8.286358784520349 9.587840491835571 855.06201171875 0.7060546875 9.585424467165902 651
110 27.9 6.539023122479835 7.5995794146985745 855.06201171875 0.7060546875 9.26290816027353 866
120 36.6 7.5655450873036205 8.705226026668294 855.06201171875 0.52587890625 8.599184207832971 1145
130 10 7.530537109374998 8.78849430730928 855.06201171875 0.52587890625 8.34881232291322 1511
140 2.7 7.262297453703703 8.52489308401445 855.06201171875 0.52587890625 8.298019323935057 1611
150 1.8 6.9154052734375 8.285013589705416 855.06201171875 0.52587890625 8.28094698541476 1638
160 0.9 13.046305338541666 10.774807263917596 855.06201171875 0.52587890625 8.266104140719355 1656
170 0.5 14.52919921875 11.087588928106868 855.06201171875 0.52587890625 8.291943066112989 1665
180 0.1 1.030029296875 0.0 855.06201171875 0.52587890625 8.310617485731663 1670
190 0 0 0 855.06201171875 0.52587890625 8.306260461082438 1671
200 0.1 2.52001953125 0.0 855.06201171875 0.52587890625 8.306260461082438 1671
210 0.2 1.3115234375 0.003662109375 855.06201171875 0.52587890625 8.302799790669859 1672
220 0.1 1.215087890625 0.0 855.06201171875 0.52587890625 8.294447011275391 1674
230 0.1 1.444091796875 0.0 855.06201171875 0.52587890625 8.290220528218287 1675
240 0.1 1.278076171875 0.0 855.06201171875 0.52587890625 8.286135725872617 1676
250 0 0 0 855.06201171875 0.52587890625 8.281956799483828 1677
260 0 0 0 855.06201171875 0.52587890625 8.281956799483828 1677
270 0 0 0 855.06201171875 0.52587890625 8.281956799483828 1677
280 0 0 0 855.06201171875 0.52587890625 8.281956799483828 1677
290 0 0 0 855.06201171875 0.52587890625 8.281956799483828 1677
300 0 0 0 855.06201171875 0.52587890625 8.281956799483828 1677
301 0 0 0 855.06201171875 0.52587890625 8.281956799483828 1677
