10 1.3 1333.8933481069712 642.8876554061685 3089.333984375 327.18798828125 0 0
20 0.9 4785.648627387152 3011.5169344395295 10725.01708984375 327.18798828125 1333.8933481069712 13
30 4.1 5717.102705792683 4686.290233248387 17801.64892578125 327.18798828125 2745.9750532670455 22
40 8.9 4069.2766524754215 2708.5547764561907 17801.64892578125 327.18798828125 4679.566065228175 63
50 7.8 5205.728362254606 2231.2204880324075 17801.64892578125 327.18798828125 4322.225553813733 152
60 19.3 3428.7120873643967 4400.234428407263 17801.64892578125 0.086181640625 4621.8482453719425 230
70 35.9 2886.295861714399 5360.343317619167 21274.9521484375 0.083984375 4077.462244200651 423
80 63.4 1415.628934745911 4387.575690184809 26134.64990234375 0.083984375 3530.622434338037 782
90 89.3 1461.9796630585993 4881.901554354742 28910.949951171875 0.0830078125 2583.655005848342 1416
100 96.4 1228.9506177466915 4072.609531138132 29406.22998046875 0.0830078125 2149.8498602826253 2309
110 124.3 843.3605312798549 3037.6237749844263 29406.22998046875 0.0810546875 1878.6164750688642 3273
120 148.8 947.7384620584461 2910.7543185454733 29406.22998046875 0.0810546875 1593.6689245529788 4516
130 121.1 1361.8089370790542 2852.0905154419565 29406.22998046875 0.0810546875 1433.5848925423415 6004
140 74.2 1424.306254672231 3813.61867626503 29406.22998046875 0.072021484375 1421.5376739607696 7215
150 47.4 3374.4028212148933 5197.577559793822 29406.22998046875 0.072021484375 1421.7958475045555 7957
160 35 3014.7101967075932 1333.9025995017712 29406.22998046875 0.072021484375 1531.5735376408027 8431
170 28.4 1691.606484856404 908.3815517236412 29406.22998046875 0.072021484375 1590.6895643659338 8781
180 15.2 62.069184955797745 66.16264939421391 29406.22998046875 0.072021484375 1593.8512196797005 9065
190 7 21.402975027901785 12.935741525241006 29406.22998046875 0.072021484375 1568.5901944786556 9217
200 3.2 20.353332519531246 18.129348547388968 29406.22998046875 0.072021484375 1556.9283978423305 9287
210 1.7 21.240406709558822 19.471656234600584 29406.22998046875 0.072021484375 1551.652037493545 9319
220 1.1 16.601828835227273 1.6066867279673203 29406.22998046875 0.072021484375 1548.8652982344056 9336
230 0.2 18.384521484375 0.679443359375 29406.22998046875 0.072021484375 1547.0620567490744 9347
240 0.2 16.06103515625 0.498046875 29406.22998046875 0.072021484375 1546.735031926042 9349
250 0 0 0 29406.22998046875 0.072021484375 1546.4076500424424 9351
260 0.1 40.43994140625 0.0 29406.22998046875 0.072021484375 1546.4076500424424 9351
270 0 0 0 29406.22998046875 0.072021484375 1546.246618422614 9352
280 0 0 0 29406.22998046875 0.072021484375 1546.246618422614 9352
290 0 0 0 29406.22998046875 0.072021484375 1546.246618422614 9352
300 0 0 0 29406.22998046875 0.072021484375 1546.246618422614 9352
301 0 0 0 29406.22998046875 0.072021484375 1546.246618422614 9352
