10 1.8 1173.2386067708333 395.23863784038804 1737.590087890625 327.18798828125 0 0
20 2.2 3488.6863236860795 2074.3480866600885 7829.569091796875 327.18798828125 1173.2386067708333 18
30 7 3695.3146379743307 2114.9042975008306 12661.01904296875 327.18798828125 2446.7348510742186 40
40 13.3 2651.9020885955133 406.6350922759107 12661.01904296875 327.18798828125 3241.285624556108 110
50 12.2 4248.588002689549 965.6945508684979 12661.01904296875 327.18798828125 2918.701220100309 243
60 30.5 2581.9499959976956 3002.54944598296 12661.01904296875 0.086181640625 3363.211322773973 365
70 51.5 2234.642273304763 3738.3285391091435 12661.01904296875 0.083984375 3007.562509838503 670
80 91 1057.219800341257 2849.247406399858 12661.01904296875 0.083984375 2671.652027294304 1185
90 126.5 920.6535356966407 2890.553328260623 12661.01904296875 0.0830078125 1970.3950695247227 2095
100 128.2 840.6538847686729 2501.244348852057 12661.01904296875 0.0830078125 1575.1798789614718 3360
110 168 591.0415604364305 2055.216700334592 12661.01904296875 0.0810546875 1372.3228508367047 4642
120 194.9 719.7716852993531 2107.7923541167356 12661.01904296875 0.0810546875 1164.7061839793082 6322
130 153.3 1102.803357387476 2285.067524004626 12661.01904296875 0.0810546875 1059.8606589004503 8271
140 81.6 1453.230612362133 3309.048977988106 12661.01904296875 0.072021484375 1066.5753831742784 9804
150 48.3 2629.4231705122625 2929.2780254387458 12661.01904296875 0.072021484375 1096.2844855299552 10620
160 35 3014.7101967075932 1333.9025995017712 12661.01904296875 0.072021484375 1162.9787109506933 11103
170 28.4 1691.606484856404 908.3815517236412 12661.01904296875 0.072021484375 1219.567030169668 11453
180 15.2 62.069184955797745 66.16264939421391 12661.01904296875 0.072021484375 1230.9889612535083 11737
190 7 21.402975027901785 12.935741525241006 12661.01904296875 0.072021484375 1216.0444069598543 11889
200 3.2 20.353332519531246 18.129348547388968 12661.01904296875 0.072021484375 1209.0517737768762 11959
210 1.7 21.240406709558822 19.471656234600584 12661.01904296875 0.072021484375 1205.8795320855882 11991
220 1.1 16.601828835227273 1.6066867279673203 12661.01904296875 0.072021484375 1204.2024114050923 12008
230 0.2 18.384521484375 0.679443359375 12661.01904296875 0.072021484375 1203.1154984831962 12019
240 0.2 16.06103515625 0.498046875 12661.01904296875 0.072021484375 1202.918388263248 12021
250 0 0 0 12661.01904296875 0.072021484375 1202.7209571140995 12023
260 0.1 40.43994140625 0.0 12661.01904296875 0.072021484375 1202.7209571140995 12023
270 0 0 0 12661.01904296875 0.072021484375 1202.6242936896394 12024
280 0 0 0 12661.01904296875 0.072021484375 1202.6242936896394 12024
290 0 0 0 12661.01904296875 0.072021484375 1202.6242936896394 12024
300 0 0 0 12661.01904296875 0.072021484375 1202.6242936896394 12024
301 0 0 0 12661.01904296875 0.072021484375 1202.6242936896394 12024
