60 0.3 52074.293701171875 6076.282568884143 58174.931884765625 43782.93701171875 0 0
70 0.5 62977.03403320313 7145.847696547857 68627.83813476563 43782.93701171875 52074.293701171875 3
80 1.9 50797.40822882401 14728.51466280852 76052.94897460938 23086.943115234375 58888.506408691406 8
90 3.1 41788.67608839466 20116.62431408106 86030.94604492188 7591.97314453125 53194.77065248843 27
100 5.8 43314.65528606546 17427.48103580225 86030.94604492188 7591.97314453125 47098.40976478314 58
110 8.3 42066.12247035014 18383.588898565587 86030.94604492188 7591.97314453125 45206.5325254243 116
120 10.2 42832.81452253752 19639.5806463367 98915.81713867188 7591.97314453125 43896.713256222516 199
130 13.2 43912.74095015091 17961.536351030332 99584.91381835938 7591.97314453125 43536.18943284754 301
140 15.5 46777.08871440273 19443.292743460504 99584.91381835938 7591.97314453125 43650.981119415774 433
150 16.2 48917.19186137634 16348.889820442466 110142.9580078125 7591.97314453125 44475.040094284785 588
160 14.1 56154.09691517066 18102.77055601341 113556.9619140625 7591.97314453125 45434.544875976564 750
170 14.2 66181.49882743727 17887.622633454204 146146.86401367188 7591.97314453125 47130.90496298708 891
180 11.9 70124.25452583372 14905.49386683536 146146.86401367188 7591.97314453125 49749.67004406348 1033
190 8.1 76393.70131353685 14024.163456314835 146146.86401367188 7591.97314453125 51854.33632299634 1152
200 4.7 88502.40582405253 17416.829789052976 152401.95703125 7591.97314453125 53466.41139536762 1233
210 2.3 95428.41977326767 12346.943941306376 152401.95703125 7591.97314453125 54752.889315795896 1280
220 1.8 106393.79439290364 10849.614063706702 152401.95703125 7591.97314453125 55470.8764228733 1303
230 0.6 112397.8008626302 8222.262935964154 152401.95703125 7591.97314453125 56164.754184766214 1321
240 0.7 126989.83405412946 16137.474314579613 165718.97680664063 7591.97314453125 56419.010612850005 1327
250 0.1 127929.00415039063 0.0 165718.97680664063 7591.97314453125 56789.322280083106 1334
260 0 0 0 165718.97680664063 7591.97314453125 56842.61043129682 1335
270 0.1 147382.98608398438 0.0 165718.97680664063 7591.97314453125 56842.61043129682 1335
280 0 0 0 165718.97680664063 7591.97314453125 56910.38017355182 1336
290 0 0 0 165718.97680664063 7591.97314453125 56910.38017355182 1336
300 0 0 0 165718.97680664063 7591.97314453125 56910.38017355182 1336
301 0 0 0 165718.97680664063 7591.97314453125 56910.38017355182 1336
