10 72.95234375 72.95234375
20 67.33125 140.28359375
30 249.378125 389.66171875
40 507.671875 897.33359375
50 459.52578125 1356.859375
60 545.46484375 1902.32421875
70 649.66953125 2551.99375
80 646.8953125 3198.8890625
90 788.940625 3987.8296875
100 850.0609375 4837.890625
110 1015.59453125 5853.48515625
120 1280.84921875 7134.334375
130 956.25546875 8090.58984375
140 691.8453125 8782.43515625
150 1018.8265625 9801.26171875
160 1203.36953125 11004.63125
170 1115.6796875 12120.3109375
180 594.36796875 12714.67890625
190 266.10234375 12980.78125
200 121.790625 13102.571875
210 67.428125 13170
220 42.41484375 13212.41484375
230 8.39375 13220.80859375
240 6.84375 13227.65234375
250 0 13227.65234375
260 3.28515625 13230.9375
270 0 13230.9375
280 0 13230.9375
290 0 13230.9375
300 0 13230.9375
301 0 13230.9375
