10 5.44296875 5.44296875
20 9.70390625 15.146875
30 25.34765625 40.49453125
40 57.22578125 97.7203125
50 60.26796875 157.98828125
60 93.68046875 251.66875
70 148.290625 399.959375
80 230.79140625 630.75078125
90 292.4265625 923.17734375
100 301.45234375 1224.6296875
110 376.8515625 1601.48125
120 451.8875 2053.36875
130 339.72578125 2393.09453125
140 206.73046875 2599.825
150 144.471875 2744.296875
160 107.96328125 2852.26015625
170 80.94453125 2933.2046875
180 60.33046875 2993.53515625
190 28.81328125 3022.3484375
200 12.52265625 3034.87109375
210 7.0453125 3041.91640625
220 4.66171875 3046.578125
230 0.8203125 3047.3984375
240 0.765625 3048.1640625
250 0 3048.1640625
260 0.3828125 3048.546875
270 0 3048.546875
280 0 3048.546875
290 0 3048.546875
300 0 3048.546875
301 0 3048.546875
