10 0.6 475.0 807.9559822839805 2204.965087890625 1.339111328125 0 0
20 0.9 1.2901475694444444 0.14776799924903766 2204.965087890625 1.0478515625 475.0 6
30 0 0 0 2204.965087890625 1.0478515625 190.77408854166666 15
40 0 0 0 2204.965087890625 1.0478515625 190.77408854166666 15
50 0 0 0 2204.965087890625 1.0478515625 190.77408854166666 15
60 0 0 0 2204.965087890625 1.0478515625 190.77408854166666 15
70 0 0 0 2204.965087890625 1.0478515625 190.77408854166666 15
80 0 0 0 2204.965087890625 1.0478515625 190.77408854166666 15
90 0 0 0 2204.965087890625 1.0478515625 190.77408854166666 15
100 0 0 0 2204.965087890625 1.0478515625 190.77408854166666 15
110 0 0 0 2204.965087890625 1.0478515625 190.77408854166666 15
120 0 0 0 2204.965087890625 1.0478515625 190.77408854166666 15
130 0 0 0 2204.965087890625 1.0478515625 190.77408854166666 15
135 0 0 0 2204.965087890625 1.0478515625 190.77408854166666 15
