10 0.8 778.7992248535156 949.2730660734527 3189.637939453125 206.865966796875 0 0
20 3.7 213.45147540118242 195.664240556825 3189.637939453125 9.27099609375 778.7992248535156 8
30 2.6 71.33986253004808 143.9697863984679 3189.637939453125 8.364990234375 313.9577419704861 45
40 1.9 19.869654605263158 15.038462161342881 3189.637939453125 8.364990234375 225.11175795004402 71
50 0.8 10.996063232421875 1.0909883268152891 3189.637939453125 8.364990234375 181.78286946614583 90
60 0.5 14.51025390625 5.605325606907626 3189.637939453125 8.364990234375 167.84108936543367 98
70 0.1 11.244873046875 0.0 3189.637939453125 8.364990234375 160.39784492566747 103
80 0.1 12.037841796875 0.0 3189.637939453125 8.364990234375 158.96368173452524 104
90 0 0 0 3189.637939453125 8.364990234375 157.56438802083332 105
100 0 0 0 3189.637939453125 8.364990234375 157.56438802083332 105
110 0 0 0 3189.637939453125 8.364990234375 157.56438802083332 105
120 0 0 0 3189.637939453125 8.364990234375 157.56438802083332 105
130 0 0 0 3189.637939453125 8.364990234375 157.56438802083332 105
135 0 0 0 3189.637939453125 8.364990234375 157.56438802083332 105
