10 1.6 394.7865905761719 758.2590270413441 3189.637939453125 5.67919921875 0 0
20 5.4 144.72859700520837 131.94321951305366 3189.637939453125 5.67919921875 394.7865905761719 16
30 3.1 59.61054845010081 108.92726256792899 3189.637939453125 5.67919921875 201.8847098214286 70
40 1.9 19.869654605263158 15.038462161342881 3189.637939453125 5.67919921875 158.21640286587254 101
50 0.8 10.996063232421875 1.0909883268152891 3189.637939453125 5.67919921875 136.31150105794273 120
60 0.5 14.51025390625 5.605325606907626 3189.637939453125 5.67919921875 128.47928619384768 128
70 0.1 11.244873046875 0.0 3189.637939453125 5.67919921875 124.19473610784777 133
80 0.1 12.037841796875 0.0 3189.637939453125 5.67919921875 123.35182668201962 134
90 0 0 0 3189.637939453125 5.67919921875 122.52727864583336 135
100 0 0 0 3189.637939453125 5.67919921875 122.52727864583336 135
110 0 0 0 3189.637939453125 5.67919921875 122.52727864583336 135
120 0 0 0 3189.637939453125 5.67919921875 122.52727864583336 135
130 0 0 0 3189.637939453125 5.67919921875 122.52727864583336 135
135 0 0 0 3189.637939453125 5.67919921875 122.52727864583336 135
