40 0.2 27372.908081054688 2167.9820556640625 29540.89013671875 25204.926025390625 0 0
50 0.6 34169.12019856771 3716.547684752904 39435.85498046875 25204.926025390625 27372.908081054688 2
60 0.4 47131.32751464844 1200.4986077856822 48764.52197265625 25204.926025390625 32470.067169189453 8
70 0.1 51459.884033203125 0.0 51459.884033203125 25204.926025390625 37357.15395100912 12
80 0 0 0 51459.884033203125 25204.926025390625 38441.97934194712 13
90 0 0 0 51459.884033203125 25204.926025390625 38441.97934194712 13
100 0.2 82840.458984375 6825.492919921875 89665.95190429688 25204.926025390625 38441.97934194712 13
110 0 0 0 89665.95190429688 25204.926025390625 44361.776627604166 15
120 0 0 0 89665.95190429688 25204.926025390625 44361.776627604166 15
130 0 0 0 89665.95190429688 25204.926025390625 44361.776627604166 15
135 0 0 0 89665.95190429688 25204.926025390625 44361.776627604166 15
