10 1.5 15
20 4.9 64
30 6.6 130
40 16.4 294
50 20.7 501
60 28.3 784
70 21.5 999
80 22.3 1222
90 23.6 1458
100 20 1658
110 15.6 1814
120 17.6 1990
130 19.8 2188
140 19.3 2381
150 15.3 2534
160 7.5 2609
170 0.3 2612
180 0 2612
190 5.1 2663
200 29.7 2960
210 28.9 3249
220 27.5 3524
230 20.4 3728
240 18.3 3911
250 21.6 4127
260 32.6 4453
270 28.9 4742
280 26.6 5008
290 23.3 5241
300 3.3 5274
310 26.6 5540
320 46.6 6006
330 34.1 6347
340 31 6657
350 31.2 6969
360 39.6 7365
370 49.5 7860
380 42.9 8289
390 30.6 8595
400 12.5 8720
410 6.1 8781
420 3.7 8818
430 2.4 8842
440 1.2 8854
450 1.2 8866
460 0.2 8868
470 0.1 8869
480 0 8869
490 0 8869
500 0 8869
510 0 8869
520 0 8869
530 0 8869
540 0 8869
541 0 8869
