10 0.5 5
20 0.8 13
30 1.2 25
40 3.3 58
50 3.8 96
60 4.1 137
70 3.1 168
80 2.4 192
90 3.3 225
100 2.2 247
110 2.3 270
120 1.9 289
130 4.8 337
140 4.6 383
150 3.4 417
160 1.9 436
170 0.1 437
180 0 437
190 0.9 446
200 4.8 494
210 5.6 550
220 6.1 611
230 4.9 660
240 4.2 702
250 4.3 745
260 2.9 774
270 3.7 811
280 3.3 844
290 4.9 893
300 0.3 896
310 0 896
320 0 896
330 0 896
340 0 896
350 0 896
360 0 896
370 0 896
380 0 896
390 0 896
400 0 896
410 0 896
420 0 896
430 0 896
440 0 896
450 0 896
460 0 896
470 0 896
480 0 896
490 0 896
500 0 896
510 0 896
520 0 896
530 0 896
540 0 896
541 0 896
