10 9 9
20 16 7
30 34 18
40 76 42
50 101 25
60 146 45
70 233 87
80 341 108
90 487 146
100 688 201
110 916 228
120 1196 280
130 1239 43
140 1235 -4
150 1224 -11
160 1217 -7
170 1215 -2
180 1210 -5
190 1205 -5
200 1195 -10
210 1169 -26
220 1148 -21
230 1130 -18
240 1103 -27
250 1089 -14
260 1065 -24
270 1027 -38
280 991 -36
290 962 -29
300 945 -17
310 912 -33
320 852 -60
330 771 -81
340 711 -60
350 649 -62
360 602 -47
370 529 -73
380 418 -111
390 288 -130
400 179 -109
410 113 -66
420 73 -40
430 40 -33
440 20 -20
450 11 -9
460 5 -6
470 3 -2
480 1 -2
490 0 -1
500 0 0
510 0 0
520 0 0
530 0 0
540 0 0
541 0 0
