10 0.9 99.57655164930556 275.229026960457 878.0390625 1.55810546875 0 0
20 0.7 1.7949916294642858 0.14982880600001286 878.0390625 1.55810546875 99.57655164930556 9
30 1.8 1.8016221788194444 0.17220950515514788 878.0390625 1.4990234375 56.797119140625 16
40 4.4 1.6918279474431819 0.21085704440249858 878.0390625 1.345947265625 27.68185604319853 34
50 3 1.708251953125 0.20055366016219076 878.0390625 1.345947265625 13.020814553285257 78
60 5.6 1.6564505440848214 0.18676706583442051 878.0390625 1.345947265625 9.87843605324074 108
70 10 1.8375024414062502 0.9118289191850192 878.0390625 1.345947265625 7.0709288062118905 164
80 12 1.7386433919270834 0.40968742822506965 878.0390625 1.321044921875 5.0885703346946025 264
90 15.5 1.6206983996975806 0.19485785603396205 878.0390625 1.30419921875 4.041718165079753 384
100 21.1 1.6090082105302135 0.1713769994194572 878.0390625 1.25390625 3.345506544237013 539
110 23.6 1.6119777873411016 0.18637171060322083 878.0390625 1.25390625 2.8569716796875 750
120 28.7 1.6040974793118465 0.1838266886515277 878.0390625 1.25390625 2.5589812551502282 986
130 4.3 1.784957530886628 1.3462964200990466 878.0390625 1.25390625 2.343701095161528 1273
140 0.1 1.736083984375 0.0 878.0390625 1.25390625 2.3254442765719983 1316
150 0 0 0 878.0390625 1.25390625 2.324996774451879 1317
160 0 0 0 878.0390625 1.25390625 2.324996774451879 1317
170 0 0 0 878.0390625 1.25390625 2.324996774451879 1317
180 0 0 0 878.0390625 1.25390625 2.324996774451879 1317
190 0.1 2.01904296875 0.0 878.0390625 1.25390625 2.324996774451879 1317
200 0 0 0 878.0390625 1.25390625 2.3247646395461876 1318
210 0 0 0 878.0390625 1.25390625 2.3247646395461876 1318
220 0 0 0 878.0390625 1.25390625 2.3247646395461876 1318
230 0 0 0 878.0390625 1.25390625 2.3247646395461876 1318
240 0 0 0 878.0390625 1.25390625 2.3247646395461876 1318
250 0 0 0 878.0390625 1.25390625 2.3247646395461876 1318
260 0 0 0 878.0390625 1.25390625 2.3247646395461876 1318
270 0 0 0 878.0390625 1.25390625 2.3247646395461876 1318
280 0 0 0 878.0390625 1.25390625 2.3247646395461876 1318
290 0 0 0 878.0390625 1.25390625 2.3247646395461876 1318
300 0 0 0 878.0390625 1.25390625 2.3247646395461876 1318
310 0 0 0 878.0390625 1.25390625 2.3247646395461876 1318
320 0 0 0 878.0390625 1.25390625 2.3247646395461876 1318
330 0.1 10.055908203125 0.0 878.0390625 1.25390625 2.3247646395461876 1318
340 0.1 2.137939453125 0.0 878.0390625 1.25390625 2.33062600691812 1319
350 0.1 1.666015625 0.0 878.0390625 1.25390625 2.330480032256155 1320
360 0 0 0 878.0390625 1.25390625 2.329977031190859 1321
370 0 0 0 878.0390625 1.25390625 2.329977031190859 1321
380 0.1 1.985107421875 0.0 878.0390625 1.25390625 2.329977031190859 1321
390 0 0 0 878.0390625 1.25390625 2.3297161615922843 1322
400 0 0 0 878.0390625 1.25390625 2.3297161615922843 1322
410 0 0 0 878.0390625 1.25390625 2.3297161615922843 1322
420 0 0 0 878.0390625 1.25390625 2.3297161615922843 1322
430 0.1 10.72509765625 0.0 878.0390625 1.25390625 2.3297161615922843 1322
440 0.2 1.97998046875 0.195068359375 878.0390625 1.25390625 2.3360618770077477 1323
450 0.2 1.9864501953125 0.1524658203125 878.0390625 1.25390625 2.3355243956367926 1325
460 0 0 0 878.0390625 1.25390625 2.3349982853122646 1327
470 0 0 0 878.0390625 1.25390625 2.3349982853122646 1327
480 0 0 0 878.0390625 1.25390625 2.3349982853122646 1327
490 0 0 0 878.0390625 1.25390625 2.3349982853122646 1327
500 0 0 0 878.0390625 1.25390625 2.3349982853122646 1327
510 0 0 0 878.0390625 1.25390625 2.3349982853122646 1327
520 0 0 0 878.0390625 1.25390625 2.3349982853122646 1327
530 0 0 0 878.0390625 1.25390625 2.3349982853122646 1327
540 0 0 0 878.0390625 1.25390625 2.3349982853122646 1327
541 0 0 0 878.0390625 1.25390625 2.3349982853122646 1327
