0 0 0
10 0 0
20 0 0
30 0 0
40 0.2 2
50 0.6 8
60 1 18
70 1.3 31
80 1.2 43
90 0.9 52
100 1 62
110 0.9 71
120 0.3 74
130 0 74
140 0.5 79
150 1.1 90
160 0.7 97
170 0.2 99
180 0.4 103
190 0.6 109
200 1 119
210 2.6 145
220 2.1 166
230 1.8 184
240 2.8 212
250 1.4 226
260 2.4 250
270 3.7 287
280 3.6 323
290 2.9 352
300 1.9 371
310 3.2 403
320 6.4 467
330 7.8 545
340 5.9 604
350 6.2 666
360 4.7 713
370 7.4 787
380 10.9 896
390 13 1026
400 11.2 1138
410 6.2 1200
420 3.9 1239
430 3.3 1272
440 2.1 1293
450 1 1303
460 0.6 1309
470 0.2 1311
480 0.2 1313
490 0.1 1314
500 0 1314
510 0 1314
520 0 1314
530 0 1314
540 0 1314
541 0 1314
