10 1.1 665.0589044744319 405.2849307244444 1392.177978515625 112.028076171875 0 0
20 4.1 376.4742044588415 395.15333600756514 1898.18798828125 37.285888671875 665.0589044744319 11
30 5.4 448.2694860387731 611.2949185761239 2682.10498046875 31.39599609375 437.52096792367786 52
40 12.9 481.7381676962209 420.5782669187072 2682.10498046875 28.716064453125 442.9966280955189 106
50 16.9 554.1206661427512 628.8771495251358 3054.541015625 28.716064453125 464.2632604720745 235
60 24 752.7821787516281 909.45255655702 3721.2119140625 28.200927734375 501.8521257155011 404
70 17.8 1753.8821349411865 2179.1260556230027 7132.9130859375 28.200927734375 595.3664311948031 644
80 18.2 2864.389624291724 4407.638711447918 18982.77490234375 28.200927734375 846.2372283564287 822
90 17.8 4766.23842800869 7290.911006612525 27703.45703125 28.200927734375 1212.0776029184044 1004
100 16 5290.385621643067 9420.530922123413 29412.5478515625 28.200927734375 1747.3065596578892 1182
110 12.5 6965.405658203124 12630.357350832264 38573.91015625 28.200927734375 2169.7302928304885 1342
120 14.4 5941.269382052951 13443.256179393731 46642.58203125 28.200927734375 2578.3597547743057 1467
130 14.4 18229.795925564234 23474.64301493915 55815.61083984375 28.200927734375 2878.955028721 1611
140 17.5 28743.270527343746 27957.014524773538 68784.25610351563 28.200927734375 4138.51120487224 1755
150 20.8 40009.357096745414 27813.973059917385 77602.86010742188 28.200927734375 6369.512697842455 1930
160 22.5 48119.46903537328 23690.845099813978 83726.10717773438 28.200927734375 9642.238439176326 2138
170 21.1 59257.61784934094 4074.471026494112 83726.10717773438 28.200927734375 13305.961200134563 2363
180 20.3 59528.91985693119 306.3721520080133 83726.10717773438 28.200927734375 17072.783093290174 2574
190 8.3 48883.91284473833 24270.49388056486 112076.48510742188 28.200927734375 20176.346565749347 2777
200 25.4 31851.40702663632 35119.68099384631 127826.76391601563 26.9619140625 21009.46824447525 2860
210 24.9 32639.368138569906 40994.64181920616 142383.51416015625 26.9619140625 21893.81392548646 3114
220 25.3 36609.36873243729 42478.00947322763 151545.58715820313 26.9619140625 22689.425878819136 3363
230 21.7 41912.86145863337 43618.68280064008 151545.58715820313 26.9619140625 23663.359933566204 3616
240 17.1 40255.94869620338 44460.83168065664 168663.54809570313 26.9619140625 24696.530252099878 3833
250 21.3 41851.1563141872 44338.64434539461 168663.54809570313 26.9619140625 25361.030889947455 4004
260 32.7 27148.632416051463 36072.10165181022 168663.54809570313 26.70703125 26193.944505162788 4217
270 28.9 32853.50856942042 47072.500513808554 171574.67211914063 26.70703125 26262.64673818669 4544
280 26.6 39161.493089718926 55623.505953185806 177768.59399414063 26.70703125 26656.76200183795 4833
290 28.1 51953.96458657698 60686.83640065862 179980.38696289063 25.304931640625 27309.09745376506 5099
300 18.4 89941.58940190857 61801.40045298888 179999.4072265625 25.304931640625 28596.310774270663 5380
310 30.5 31642.13457671624 32034.35105209747 179999.4072265625 25.304931640625 30624.982820907142 5564
320 46.6 17675.04616091488 26162.050052128663 179999.4072265625 25.304931640625 30677.84213007766 5869
330 34 34487.32783059513 56245.9073942639 179999.4072265625 25.304931640625 29721.361795171604 6335
340 31.1 38841.15102099451 60405.44449178932 179999.4072265625 25.304931640625 29964.12261195722 6675
350 31.2 41649.994969294625 62094.49356288095 179999.4072265625 25.304931640625 30359.30667081932 6986
360 39.5 29775.389422221113 46789.20876203547 179999.4072265625 25.304931640625 30841.999840060795 7298
370 49.6 12428.302877610726 15414.986007081436 179999.4072265625 25.304931640625 30787.234324001172 7693
380 42.9 8026.827278759651 11406.297213645461 179999.4072265625 25.304931640625 29675.251176191956 8189
390 30.6 3938.0207862604684 6661.171473781821 179999.4072265625 25.304931640625 28597.60278306148 8618
400 12.5 59.26950000000001 84.02161030232662 179999.4072265625 24.59619140625 27752.036659011603 8924
410 6.1 36.995857613985656 6.891740339489856 179999.4072265625 24.59619140625 27369.497605538683 9049
420 3.7 34.616943359375 4.044076681133592 179999.4072265625 24.59619140625 27186.480853988363 9110
430 2.4 37.78392537434896 10.074423504883676 179999.4072265625 24.59619140625 27076.650421639693 9147
440 1.2 40.410502115885414 13.230992646665324 179999.4072265625 24.59619140625 27005.891202807466 9171
450 1.2 35.193196614583336 3.431986184483653 179999.4072265625 24.59619140625 26970.653723943444 9183
460 0.2 33.0521240234375 3.4449462890625 179999.4072265625 24.59619140625 26935.501410041546 9195
470 0.1 38.215087890625 0.0 179999.4072265625 24.59619140625 26929.651143805597 9197
480 0 0 0 179999.4072265625 24.59619140625 26926.72752605653 9198
490 0 0 0 179999.4072265625 24.59619140625 26926.72752605653 9198
500 0 0 0 179999.4072265625 24.59619140625 26926.72752605653 9198
510 0 0 0 179999.4072265625 24.59619140625 26926.72752605653 9198
520 0 0 0 179999.4072265625 24.59619140625 26926.72752605653 9198
530 0 0 0 179999.4072265625 24.59619140625 26926.72752605653 9198
540 0 0 0 179999.4072265625 24.59619140625 26926.72752605653 9198
541 0 0 0 179999.4072265625 24.59619140625 26926.72752605653 9198
