10 2.1 386.77500697544644 391.4432583364489 1392.177978515625 9.855224609375 0 0
20 5.7 256.6204898231907 305.4788947453537 1392.177978515625 8.64306640625 386.77500697544644 21
30 7.8 312.80856244991986 529.968771558466 2682.10498046875 8.4228515625 291.66209059495185 78
40 19.7 340.8769332963198 393.47980624352584 2682.10498046875 7.781982421875 302.23532652243586 156
50 24.5 364.21787109375 421.7262671285998 2682.10498046875 7.223876953125 323.80018922627477 353
60 32.4 589.3570187415608 809.4517678182476 3721.2119140625 7.223876953125 340.3592729345213 598
70 24.6 1293.3277657361534 1940.077397585018 7132.9130859375 7.223876953125 427.8595653873204 922
80 24.7 2185.372840294473 3886.425323201427 14359.2822265625 7.218994140625 610.1413952553108 1168
90 26.9 3635.2964166690867 6638.348083799318 22340.094970703125 6.973876953125 885.1111245306982 1415
100 22.2 4635.281284091711 8980.28191926208 29412.5478515625 6.973876953125 1324.4221955433031 1684
110 17.9 5388.588286160092 11169.71379083172 35364.578125 6.973876953125 1710.0521628348804 1906
120 19.6 4816.584811463649 12438.543073895857 46642.58203125 6.973876953125 2025.8593408086035 2085
130 25 11866.171559570315 20752.935127439945 55815.61083984375 6.973876953125 2265.6586359635307 2281
140 26 20784.27216421274 26738.922556665715 59979.498046875 6.973876953125 3213.951101748476 2531
150 30.1 33019.313878867324 29205.572552887035 60004.842041015625 6.973876953125 4850.742028384344 2791
160 33.2 44317.434537221154 25897.53562312366 60004.863037109375 6.973876953125 7592.896015122822 3092
170 29.1 58922.41323695232 6008.329819457616 60004.863037109375 6.973876953125 11153.803371821608 3424
180 29.7 59524.267233697654 308.7172503512847 60005.11083984375 6.973876953125 14895.57065869995 3715
190 12.9 45277.74532347686 24372.58166104003 60005.11083984375 6.973876953125 18199.34007115616 4012
200 34.5 22457.33704710146 25902.424276780013 60005.11083984375 6.973876953125 19042.883726686072 4141
210 35.2 19387.000812877322 26149.529533264988 60005.11083984375 6.973876953125 19305.475433227155 4486
220 42.2 26752.391640324153 28532.18071457762 60005.11083984375 6.973876953125 19311.407002808977 4838
230 46.4 36041.73562095904 28344.085714789253 60005.11083984375 6.973876953125 19908.383336845367 5260
240 45.5 38293.88433529364 28327.509161640803 60005.11083984375 6.973876953125 21216.188273922366 5724
250 30.4 27205.157170345898 28507.156513872316 60005.11083984375 6.973876953125 22473.730223740124 6179
260 35.6 19262.38558102726 23124.783782345083 60005.11083984375 6.973876953125 22695.59568599034 6483
270 32.6 18048.109349537477 23178.703323715876 60005.11083984375 6.973876953125 22516.882014785948 6839
280 29.9 19738.06813728052 25361.05066135916 60005.11083984375 6.973876953125 22313.557536227538 7165
290 37.1 28917.73489750042 29321.32683127343 60005.11083984375 6.973876953125 22210.386136135745 7464
300 34.4 54463.994741750306 17050.346389888742 60005.11083984375 6.973876953125 22527.99001494446 7835
310 31.8 30916.20648769158 26157.47038853034 60005.11083984375 6.973876953125 23871.18424724929 8179
320 46.6 15478.23578535743 19091.820511174385 60005.11083984375 6.973876953125 24134.844018046122 8497
330 34 14469.688653923484 17481.63335500446 60005.11083984375 6.973876953125 23684.773791957432 8963
340 31.1 16963.91439063755 20530.748215267125 60005.11083984375 6.973876953125 23347.986847215783 9303
350 31.2 20204.977444379747 23568.26633777709 60005.11083984375 6.973876953125 23141.470669350605 9614
360 39.5 20404.931788345526 23491.56770016688 60005.11083984375 6.973876953125 23049.16904873899 9926
370 49.6 12428.302877610726 15414.986007081436 60005.11083984375 6.973876953125 22947.970161242098 10321
380 42.9 8026.827278759651 11406.297213645461 60005.11083984375 6.973876953125 22465.603980907334 10817
390 30.6 3938.0207862604684 6661.171473781821 60005.11083984375 6.973876953125 21914.80945794616 11246
400 12.5 59.26950000000001 84.02161030232662 60005.11083984375 6.973876953125 21438.623746940637 11552
410 6.1 36.995857613985656 6.891740339489856 60005.11083984375 6.973876953125 21209.761943320907 11677
420 3.7 34.616943359375 4.044076681133592 60005.11083984375 6.973876953125 21099.731381791848 11738
430 2.4 37.78392537434896 10.074423504883676 60005.11083984375 6.973876953125 21033.539514766624 11775
440 1.2 40.410502115885414 13.230992646665324 60005.11083984375 6.973876953125 20990.83266383473 11799
450 1.2 35.193196614583336 3.431986184483653 60005.11083984375 6.973876953125 20969.54699234708 11811
460 0.2 33.0521240234375 3.4449462890625 60005.11083984375 6.973876953125 20948.29923411746 11823
470 0.1 38.215087890625 0.0 60005.11083984375 6.973876953125 20944.761771604124 11825
480 0 0 0 60005.11083984375 6.973876953125 20942.99392561362 11826
490 0 0 0 60005.11083984375 6.973876953125 20942.99392561362 11826
500 0 0 0 60005.11083984375 6.973876953125 20942.99392561362 11826
510 0 0 0 60005.11083984375 6.973876953125 20942.99392561362 11826
520 0 0 0 60005.11083984375 6.973876953125 20942.99392561362 11826
530 0 0 0 60005.11083984375 6.973876953125 20942.99392561362 11826
540 0 0 0 60005.11083984375 6.973876953125 20942.99392561362 11826
541 0 0 0 60005.11083984375 6.973876953125 20942.99392561362 11826
