40 0.2 27987.9365234375 757.995361328125 28745.931884765625 27229.941162109375 0 0
50 0.6 33689.090657552086 8949.520713015541 43432.886962890625 14805.946044921875 27987.9365234375 2
60 1 33975.32463378906 10152.35162650718 52341.876953125 14805.946044921875 32263.802124023438 8
70 1.3 32270.726017878605 9023.35314891563 52432.97802734375 14805.946044921875 33214.64796278212 18
80 1.2 36688.78676350912 9391.327871135574 52432.97802734375 14805.946044921875 32818.80972782258 31
90 0.9 56665.57918294271 14586.796565500956 85900.67797851563 14805.946044921875 33898.803319176965 43
100 1 57674.66564941406 7613.220587866055 85900.67797851563 14805.946044921875 37839.20683405949 52
110 0.9 71466.29342990452 18008.523297090567 100699.97290039063 14805.946044921875 41038.47438492314 62
120 0.3 74381.6279296875 6517.503122042133 100699.97290039063 14805.946044921875 44895.52186949824 71
130 0 0 0 100699.97290039063 14805.946044921875 46090.90454761402 74
140 0.5 71571.35263671874 29550.875726650487 101274.93798828125 14691.9580078125 46090.90454761402 74
150 1.1 85948.12979403409 30682.67345496418 112728.91088867188 14691.9580078125 47703.59113553205 79
160 0.7 108522.39006696429 9952.085451864428 125681.9501953125 14691.9580078125 52377.923638237844 90
170 0.2 113600.46252441406 3677.5035400390625 125681.9501953125 14691.9580078125 56429.58616402223 97
180 0.4 130106.21502685547 6951.544934495862 136523.9599609375 14691.9580078125 57584.55336322206 99
190 0.6 121663.32735188802 22945.9451540157 143789.955078125 14691.9580078125 60400.92857346025 103
200 1 136242.76115722657 15651.092067215806 158311.98803710938 14691.9580078125 63773.17070805261 109
210 2.6 133765.08025653547 26764.24612802495 184611.98388671875 14691.9580078125 69863.05225840336 119
220 2.1 147273.78227306547 25795.3397785808 186905.02783203125 14691.9580078125 81321.3469339305 145
230 1.8 162129.95684136281 16254.775346734503 198635.80200195313 14691.9580078125 89664.72730815841 166
240 2.8 165353.1761910575 19708.199386268796 209906.91821289063 14691.9580078125 96753.71715379797 184
250 1.4 167645.0493861607 27365.871497037824 209906.91821289063 14691.9580078125 105814.02306437942 212
260 2.4 176694.45755004883 20656.571401720896 211464.99609375 14691.9580078125 109644.26363298534 226
270 3.7 178467.22482712203 19833.256380575145 211464.99609375 14691.9580078125 116081.08224902344 250
280 3.6 191507.2327202691 18912.959310559196 236509.97607421875 14691.9580078125 124123.89505525914 287
290 2.9 201251.24475518588 15064.01137511966 237139.98095703125 14691.9580078125 131634.1122563129 323
300 1.9 214921.9808799342 14416.69938990162 240487.958984375 14691.9580078125 137369.61464968594 352
310 3.2 222782.18934631348 16660.134493136582 252819.994140625 14691.9580078125 141341.29917360703 371
320 6.4 229823.17513656616 16294.81176371689 273529.9621582031 14691.9580078125 147808.0696091569 403
330 7.8 232944.23969288362 14178.593122432036 273529.9621582031 14691.9580078125 159047.82711184255 467
340 5.9 242176.35858050847 15917.4246640329 277449.0041503906 14691.9580078125 169623.827444542 545
350 6.2 251102.45191611012 15382.131073298111 288701.955078125 14691.9580078125 176710.91243961157 604
360 4.7 263339.59790558513 17200.70734403269 298768.9548339844 14691.9580078125 183636.25094943575 666
370 7.4 268646.7946018529 16119.960536679011 304655.9289550781 14691.9580078125 188890.1882663208 713
380 10.9 274675.7618195421 13778.559062386505 315462.9599609375 14691.9580078125 196389.5387985055 787
390 13 281529.5342228815 12720.539498726626 325201.955078125 14691.9580078125 205913.19762584142 896
400 11.2 287147.6238577707 10108.94947994148 326868.9030761719 14691.9580078125 215494.2149334586 1026
410 6.2 296350.94754520553 9274.36381321576 343473.9270019531 14691.9580078125 222546.2200297002 1138
420 3.9 307275.4743339342 13144.973075497775 346791.9609375 14691.9580078125 226359.46428466798 1200
430 3.3 314735.72591885657 11677.41997526068 364455.0041503906 14691.9580078125 228906.45733706618 1239
440 2.1 325226.3120698475 11049.10270221296 364455.0041503906 14691.9580078125 231133.16005970698 1272
450 1 335906.6676269531 7676.8429564622065 364455.0041503906 14691.9580078125 232661.3551039552 1293
460 0.6 339648.9815266927 5788.448852001279 364455.0041503906 14691.9580078125 233453.72127834504 1303
470 0.2 348061.9959716797 8827.999877929688 364455.0041503906 14691.9580078125 233940.48335740546 1309
480 0.2 370885.5030517578 7597.4940185546875 378482.9970703125 14691.9580078125 234114.58177481854 1311
490 0.1 378479.9699707031 0.0 378482.9970703125 14691.9580078125 234322.91524211015 1313
500 0 0 0 378482.9970703125 14691.9580078125 234432.62380735262 1314
510 0 0 0 378482.9970703125 14691.9580078125 234432.62380735262 1314
520 0 0 0 378482.9970703125 14691.9580078125 234432.62380735262 1314
530 0 0 0 378482.9970703125 14691.9580078125 234432.62380735262 1314
540 0 0 0 378482.9970703125 14691.9580078125 234432.62380735262 1314
541 0 0 0 378482.9970703125 14691.9580078125 234432.62380735262 1314
