10 102.4515625 102.4515625
20 693.6328125 796.084375
30 729.23828125 1525.32265625
40 1647.44609375 3172.76875
50 2605.609375 5778.378125
60 3306.6421875 9085.0203125
70 2141.00859375 11226.02890625
80 1856.63125 13082.66015625
90 2047.69921875 15130.359375
100 1457.97578125 16588.33515625
110 1125.2046875 17713.53984375
120 1071.61875 18785.15859375
130 1868.76640625 20653.925
140 2511.93515625 23165.86015625
150 1676.878125 24842.73828125
160 780.63359375 25623.371875
170 59.95546875 25683.32734375
180 46.85625 25730.18359375
190 721.74140625 26451.925
200 4069.74609375 30521.67109375
210 3685.434375 34207.10546875
220 3270.2171875 37477.32265625
230 2492.1875 39969.51015625
240 2141.6671875 42111.17734375
250 3093.34296875 45204.5203125
260 5153.85 50358.3703125
270 4368.14765625 54726.51796875
280 3960.8453125 58687.36328125
290 3259.15859375 61946.521875
300 499.36796875 62445.88984375
310 4043.496875 66489.38671875
320 6823.52734375 73312.9140625
330 4667.55703125 77980.47109375
340 4544.36953125 82524.840625
350 4623.0265625 87147.8671875
360 5679.54765625 92827.41484375
370 6892.10859375 99719.5234375
380 5651.42421875 105370.94765625
390 3530.31015625 108901.2578125
400 1388.08203125 110289.33984375
410 689.08984375 110978.4296875
420 412.15 111390.5796875
430 268.9515625 111659.53125
440 137.6734375 111797.2046875
450 139.1640625 111936.36875
460 20.44609375 111956.81484375
470 12.028125 111968.84296875
480 0 111968.84296875
490 0 111968.84296875
500 0 111968.84296875
510 0 111968.84296875
520 0 111968.84296875
530 0 111968.84296875
540 0 111968.84296875
541 0 111968.84296875
