10 9.11640625 9.11640625
20 30.09375 39.21015625
30 42.509375 81.71953125
40 103.56015625 185.2796875
50 136.221875 321.5015625
60 193.034375 514.5359375
70 167.81484375 682.35078125
80 158.084375 840.43515625
90 174.95546875 1015.390625
100 148.3421875 1163.7328125
110 125.79921875 1289.53203125
120 130.5953125 1420.12734375
130 133.51171875 1553.6390625
140 152.5609375 1706.2
150 167.16328125 1873.36328125
160 157.53203125 2030.8953125
170 114.925 2145.8203125
180 117.015625 2262.8359375
190 73.1296875 2335.965625
200 185.1859375 2521.1515625
210 221.2296875 2742.38125
220 261.78125 3004.1625
230 267.29296875 3271.45546875
240 253.94921875 3525.4046875
250 170.15390625 3695.55859375
260 207.48671875 3903.0453125
270 219.55703125 4122.60234375
280 208.2171875 4330.81953125
290 229.30703125 4560.1265625
300 173.49765625 4733.62421875
310 141.40625 4875.03046875
320 228.2890625 5103.31953125
330 207.45859375 5310.778125
340 176.184375 5486.9625
350 155.221875 5642.184375
360 186.7875 5828.971875
370 216.67265625 6045.64453125
380 178.23828125 6223.8828125
390 144.940625 6368.8234375
400 64.60078125 6433.42421875
410 32.4 6465.82421875
420 19.33359375 6485.1578125
430 12.53984375 6497.69765625
440 6.61875 6504.31640625
450 6.103125 6510.41953125
460 1.01640625 6511.4359375
470 0.5078125 6511.94375
480 0 6511.94375
490 0 6511.94375
500 0 6511.94375
510 0 6511.94375
520 0 6511.94375
530 0 6511.94375
540 0 6511.94375
541 0 6511.94375
