0 0 0
10 1 10
20 0.6 16
30 1.8 34
40 4.6 80
50 3.1 111
60 5.5 166
70 10 266
80 12.2 388
90 15.2 540
100 21.3 753
110 24.4 997
120 28 1277
130 3.7 1314
140 0 1314
150 0 1314
160 0 1314
170 0 1314
180 0 1314
190 0 1314
200 0 1314
210 0 1314
220 0 1314
230 0 1314
240 0 1314
250 0 1314
260 0 1314
270 0 1314
280 0 1314
290 0 1314
300 0 1314
310 0 1314
320 0 1314
330 0 1314
340 0 1314
350 0 1314
360 0 1314
370 0 1314
380 0 1314
390 0 1314
400 0 1314
410 0 1314
420 0 1314
430 0 1314
440 0 1314
450 0 1314
460 0 1314
470 0 1314
480 0 1314
490 0 1314
500 0 1314
510 0 1314
520 0 1314
530 0 1314
540 0 1314
541 0 1314
