0 0 0
10 10 10
20 16 16
30 34 34
40 78 78
50 103 103
60 148 148
70 235 235
80 345 345
90 488 488
100 691 691
110 926 926
120 1203 1203
130 1240 1240
140 1235 1240
150 1224 1240
160 1217 1240
170 1215 1240
180 1211 1240
190 1205 1240
200 1195 1240
210 1169 1240
220 1148 1240
230 1130 1240
240 1102 1240
250 1088 1240
260 1064 1240
270 1027 1240
280 991 1240
290 962 1240
300 943 1240
310 911 1240
320 847 1240
330 769 1240
340 710 1240
350 648 1240
360 601 1240
370 527 1240
380 418 1240
390 288 1240
400 176 1240
410 114 1240
420 75 1240
430 42 1240
440 21 1240
450 11 1240
460 5 1240
470 3 1240
480 1 1240
490 0 1240
500 0 1240
510 0 1240
520 0 1240
530 0 1240
540 0 1240
541 0 1240
