10 1 334.6713134765625 669.5034508769069 2101.739990234375 1.297119140625 0 0
20 0.3 1.5152994791666667 0.12889366216882578 2101.739990234375 1.297119140625 334.6713134765625 10
30 0 0 0 2101.739990234375 1.297119140625 257.78915640024036 13
40 0 0 0 2101.739990234375 1.297119140625 257.78915640024036 13
50 0 0 0 2101.739990234375 1.297119140625 257.78915640024036 13
60 0 0 0 2101.739990234375 1.297119140625 257.78915640024036 13
70 0 0 0 2101.739990234375 1.297119140625 257.78915640024036 13
80 0 0 0 2101.739990234375 1.297119140625 257.78915640024036 13
90 0 0 0 2101.739990234375 1.297119140625 257.78915640024036 13
100 0 0 0 2101.739990234375 1.297119140625 257.78915640024036 13
110 0 0 0 2101.739990234375 1.297119140625 257.78915640024036 13
120 0 0 0 2101.739990234375 1.297119140625 257.78915640024036 13
130 0 0 0 2101.739990234375 1.297119140625 257.78915640024036 13
137 0 0 0 2101.739990234375 1.297119140625 257.78915640024036 13
