10 1.7 653.7372616038602 598.8244019097654 2550.14599609375 78.61083984375 0 0
20 3.4 107.49407599954044 135.23657696999578 2550.14599609375 8.600830078125 653.7372616038602 17
30 1.3 20.22368915264423 13.504762570277345 2550.14599609375 8.600830078125 289.5751378676471 51
40 1.2 41.717386881510414 80.13289322978467 2550.14599609375 8.600830078125 234.8631248474121 64
50 0.5 16.818798828125 12.064499389302824 2550.14599609375 8.600830078125 204.36642937911185 76
60 0.7 13.995675223214286 10.093128691978132 2550.14599609375 8.600830078125 192.78941514756946 81
70 0.1 10.6630859375 0.0 2550.14599609375 8.600830078125 178.56718583540484 88
80 0.1 10.81494140625 0.0 2550.14599609375 8.600830078125 176.68062291520368 89
90 0 0 0 2550.14599609375 8.600830078125 174.83767089843755 90
100 0.1 10.31494140625 0.0 2550.14599609375 8.600830078125 174.83767089843755 90
110 0 0 0 2550.14599609375 8.600830078125 173.02972881610583 91
120 0 0 0 2550.14599609375 8.600830078125 173.02972881610583 91
130 0 0 0 2550.14599609375 8.600830078125 173.02972881610583 91
137 0 0 0 2550.14599609375 8.600830078125 173.02972881610583 91
