10 3 370.6888427734375 503.46920062145426 2550.14599609375 6.505859375 0 0
20 4.5 81.00231119791667 92.69673034776194 2550.14599609375 6.370849609375 370.6888427734375 30
30 1.3 20.22368915264423 13.504762570277345 2550.14599609375 6.370849609375 196.876923828125 75
40 1.4 35.74511718749999 53.8205230556415 2550.14599609375 6.370849609375 170.78042325106534 88
50 0.5 16.818798828125 12.064499389302824 2550.14599609375 6.370849609375 152.2461655560662 102
60 0.7 13.995675223214286 10.093128691978132 2550.14599609375 6.370849609375 145.9177839332652 107
70 0.1 10.6630859375 0.0 2550.14599609375 6.370849609375 137.81730357387613 114
80 0.1 10.81494140625 0.0 2550.14599609375 6.370849609375 136.71161472486415 115
90 0 0 0 2550.14599609375 6.370849609375 135.62629857556576 116
100 0.1 10.31494140625 0.0 2550.14599609375 6.370849609375 135.62629857556576 116
110 0 0 0 2550.14599609375 6.370849609375 134.55526133480237 117
120 0 0 0 2550.14599609375 6.370849609375 134.55526133480237 117
130 0 0 0 2550.14599609375 6.370849609375 134.55526133480237 117
137 0 0 0 2550.14599609375 6.370849609375 134.55526133480237 117
