30 0.1 18287.8408203125 0 18287.8408203125 18287.8408203125 0 0
40 0 0 0 18287.8408203125 18287.8408203125 18287.8408203125 1
50 0.4 41395.395751953125 833.4663403082601 42726.125 18287.8408203125 18287.8408203125 1
60 0.2 46926.87902832031 6552.0169677734375 53478.89599609375 18287.8408203125 36773.884765625 5
70 0.3 57298.944091796875 1528.739252145324 59317.96923828125 18287.8408203125 39674.74026925223 7
80 0.1 76098.498046875 0.0 76098.498046875 18287.8408203125 44962.00141601563 10
90 0 0 0 76098.498046875 18287.8408203125 47792.59201882102 11
100 0.2 89328.90502929688 2538.923828125 91867.82885742188 18287.8408203125 47792.59201882102 11
110 0 0 0 91867.82885742188 18287.8408203125 54182.794020432695 13
120 0 0 0 91867.82885742188 18287.8408203125 54182.794020432695 13
130 0 0 0 91867.82885742188 18287.8408203125 54182.794020432695 13
137 0 0 0 91867.82885742188 18287.8408203125 54182.794020432695 13
