10 0.8 578.2402038574219 803.3545064926129 2193.0029296875 1.31884765625 0 0
20 0.7 1.4723772321428572 0.193701170493425 2193.0029296875 1.19482421875 578.2402038574219 8
30 0 0 0 2193.0029296875 1.19482421875 309.081884765625 15
40 0 0 0 2193.0029296875 1.19482421875 309.081884765625 15
50 0 0 0 2193.0029296875 1.19482421875 309.081884765625 15
60 0 0 0 2193.0029296875 1.19482421875 309.081884765625 15
70 0 0 0 2193.0029296875 1.19482421875 309.081884765625 15
80 0 0 0 2193.0029296875 1.19482421875 309.081884765625 15
90 0 0 0 2193.0029296875 1.19482421875 309.081884765625 15
100 0 0 0 2193.0029296875 1.19482421875 309.081884765625 15
110 0 0 0 2193.0029296875 1.19482421875 309.081884765625 15
120 0 0 0 2193.0029296875 1.19482421875 309.081884765625 15
130 0 0 0 2193.0029296875 1.19482421875 309.081884765625 15
136 0 0 0 2193.0029296875 1.19482421875 309.081884765625 15
