10 1.4 681.8456508091518 762.7961540668744 2650.274169921875 39.215087890625 0 0
20 4.6 208.73002292798913 293.6930254367851 2650.274169921875 7.494140625 681.8456508091518 14
30 1.2 60.71925862630207 144.3142435469615 2650.274169921875 7.47607421875 319.12366943359376 60
40 1.7 17.913574218750004 14.105355070854985 2650.274169921875 7.47607421875 276.0562676323785 72
50 0.7 17.686244419642858 14.82903608481859 2650.274169921875 7.320068359375 226.74811271067415 89
60 0.6 9.0445556640625 0.18419913994553477 2650.274169921875 7.320068359375 211.50401814778647 96
70 0.3 8.804361979166666 0.041139607018770875 2650.274169921875 7.320068359375 199.59463800168504 102
80 0 0 0 2650.274169921875 7.320068359375 194.14348725818454 105
90 0 0 0 2650.274169921875 7.320068359375 194.14348725818454 105
100 0 0 0 2650.274169921875 7.320068359375 194.14348725818454 105
110 0 0 0 2650.274169921875 7.320068359375 194.14348725818454 105
120 0 0 0 2650.274169921875 7.320068359375 194.14348725818454 105
130 0 0 0 2650.274169921875 7.320068359375 194.14348725818454 105
136 0 0 0 2650.274169921875 7.320068359375 194.14348725818454 105
