10 2 477.2610595703124 689.8227725102654 2650.274169921875 7.19580078125 0 0
20 7 138.42336425781247 173.22477159382598 2650.274169921875 6.507080078125 477.2610595703124 20
30 1.2 53.193583170572914 119.47272100427453 2650.274169921875 6.507080078125 213.72062988281246 90
40 1.7 17.913574218750004 14.105355070854985 2650.274169921875 6.507080078125 194.83509497549016 102
50 0.7 17.686244419642858 14.82903608481859 2650.274169921875 6.507080078125 169.56059201024158 119
60 0.6 9.0445556640625 0.18419913994553477 2650.274169921875 6.507080078125 161.12312825520831 126
70 0.3 8.804361979166666 0.041139607018770875 2650.274169921875 6.507080078125 154.2104658647017 132
80 0 0 0 2650.274169921875 6.507080078125 150.9792191116898 135
90 0 0 0 2650.274169921875 6.507080078125 150.9792191116898 135
100 0 0 0 2650.274169921875 6.507080078125 150.9792191116898 135
110 0 0 0 2650.274169921875 6.507080078125 150.9792191116898 135
120 0 0 0 2650.274169921875 6.507080078125 150.9792191116898 135
130 0 0 0 2650.274169921875 6.507080078125 150.9792191116898 135
136 0 0 0 2650.274169921875 6.507080078125 150.9792191116898 135
