30 0.1 25487.924072265625 0 25487.924072265625 25487.924072265625 0 0
40 0.2 24744.391967773438 1792.5430908203125 26536.93505859375 22951.848876953125 25487.924072265625 1
50 0.4 33782.674255371094 2503.517049048656 36410.8759765625 22951.848876953125 24992.236002604168 3
60 0.3 48199.493408203125 4767.105766342696 54046.77490234375 22951.848876953125 30015.34357561384 7
70 0.1 49949.885986328125 0.0 54046.77490234375 22951.848876953125 35470.58852539062 10
80 0.2 64708.947021484375 6223.968994140625 70932.916015625 22951.848876953125 36786.888294566765 11
90 0.1 67578.97900390625 0.0 70932.916015625 22951.848876953125 41082.58963716947 13
100 0 0 0 70932.916015625 22951.848876953125 42975.18887765067 14
110 0.1 92384.92016601563 0.0 92384.92016601563 22951.848876953125 42975.18887765067 14
120 0 0 0 92384.92016601563 22951.848876953125 46269.17096354167 15
130 0 0 0 92384.92016601563 22951.848876953125 46269.17096354167 15
136 0 0 0 92384.92016601563 22951.848876953125 46269.17096354167 15
