10 1 87.73720703125 260.2442644205288 868.469970703125 0.8701171875 0 0
20 1.3 0.9020057091346154 0.09620716010766008 868.469970703125 0.781005859375 87.73720703125 10
30 3.1 0.998810798891129 0.12387921862224112 868.469970703125 0.781005859375 38.656441066576086 23
40 6.2 0.8822572769657258 0.1361970796441081 868.469970703125 0.72802734375 17.03817183883102 54
50 10.6 0.7865750294811322 0.058006560387610935 868.469970703125 0.68603515625 8.403114055765085 116
60 26.3 0.7887784428469582 0.06917312861672184 868.469970703125 0.653076171875 4.766388214386262 222
70 56.8 0.7597703530754847 0.4033025785470333 868.469970703125 0.61083984375 2.609457554768041 485
80 68.3 88.598246047996 420.65400332101353 3008.297119140625 0.61083984375 1.6117155504362537 1053
90 61.4 461.8835556577007 1265.357835794673 7016.3310546875 0.61083984375 35.83510283720659 1736
100 57.8 6069.2755388834075 5449.539860980291 15046.31396484375 0.61083984375 147.15159221243357 2350
110 57.8 18087.207370850454 7721.642748606817 31080.340087890625 0.449951171875 1316.2047483517172 2928
120 60.4 29066.340395087438 7425.087327806086 31100.27099609375 0.449951171875 4081.076258849227 3506
130 27.3 27495.100831866705 9654.653656248847 31100.27099609375 0.449951171875 7752.876633128517 4110
140 11.1 58093.81524493243 13995.05577308214 63162.281005859375 0.449951171875 8982.54289054479 4383
150 30.3 63123.9839689047 21.2807871799809 63168.31396484375 0.449951171875 10195.571646961575 4494
160 33.7 63125.11063192577 21.821750593404794 63170.3388671875 0.449951171875 13538.767171987374 4797
170 0 0 0 63170.3388671875 0.449951171875 16793.65570841107 5134
180 0 0 0 63170.3388671875 0.449951171875 16793.65570841107 5134
190 0 0 0 63170.3388671875 0.449951171875 16793.65570841107 5134
200 0 0 0 63170.3388671875 0.449951171875 16793.65570841107 5134
210 0 0 0 63170.3388671875 0.449951171875 16793.65570841107 5134
213 0 0 0 63170.3388671875 0.449951171875 16793.65570841107 5134
