10 2.5 692.061318359375 702.3237537772726 1954.81494140625 9.537841796875 0 0
20 6.3 119.14643399677577 166.07061467149845 1954.81494140625 4.588134765625 692.061318359375 25
30 17.7 110.77067609021893 219.4570586556005 1954.81494140625 4.343994140625 281.9063443270597 88
40 33 144.8386075106534 234.28545869384445 1954.81494140625 4.052001953125 167.60063384433963 265
50 29.1 911.8867598595901 889.8676541124639 3768.753173828125 3.908935546875 154.9763167180935 595
60 101.9 1066.5129940792885 1699.7765590682975 6833.531005859375 0.47314453125 403.57782795305457 886
70 284.6 368.6570223113306 880.2031561922532 6833.531005859375 0.451904296875 758.1872422746463 1905
80 437.4 390.1703752710434 761.2059314837758 6833.531005859375 0.451904296875 524.8462601623338 4751
90 442.6 578.6876198087299 999.4738579568372 10706.93896484375 0.37109375 460.29038942101835 9125
100 447.8 976.9051820619554 2449.8196473686307 17454.059814453125 0.37109375 498.96105148994394 13551
110 446.2 2559.015208286643 6097.470126537089 33433.759033203125 0.37109375 617.6716741923384 18029
120 436.8 4312.019321986588 10728.80301127348 34959.30517578125 0.37109375 1002.8157251073172 22491
130 411.6 3229.6599492405776 9353.633234599778 35927.91015625 0.37109375 1540.9817518085588 26859
140 212.2 1987.8494761446307 10550.777442133645 64617.551025390625 0.37109375 1765.3756004164745 30975
150 135.5 16122.755760097147 27173.091031349282 67249.02905273438 0.37109375 1779.6394178106539 33097
160 278.1 8347.064843872897 20812.63551466951 67249.02905273438 0.37109375 2343.7553659065034 34452
170 183.6 83.07417526743765 173.34629581815756 67249.02905273438 0.37109375 2792.1533907292287 37233
180 29.2 4.356601662831764 2.083006595063846 67249.02905273438 0.37109375 2664.843517438695 39069
190 2.1 5.235921223958333 1.9884183007696596 67249.02905273438 0.37109375 2645.106666764003 39361
200 0.2 3.8294677734375 0.2525634765625 67249.02905273438 0.37109375 2643.6989859540813 39382
210 0 0 0 67249.02905273438 0.37109375 2643.5649279854556 39384
213 0 0 0 67249.02905273438 0.37109375 2643.5649279854556 39384
