10 4.6 376.0957084324048 541.3755978942032 1664.610107421875 5.87109375 0 0
20 8.6 87.26823389807414 151.1491389498797 1664.610107421875 4.588134765625 376.0957084324048 46
30 26.2 74.81453139909354 187.0920478488956 1728.56298828125 4.343994140625 187.92023259943178 132
40 47.3 101.04457347135974 196.02445906845423 1728.56298828125 4.052001953125 112.707812004283 394
50 42.3 764.4069737644055 722.3239314838546 2944.368896484375 3.908935546875 106.34482258551402 867
60 163.5 658.9697937571673 982.3949628607753 3480.155029296875 0.466064453125 322.1279930883598 1290
70 417.8 249.86714980955003 577.3997056579668 3480.155029296875 0.448974609375 510.4139226929753 2925
80 617.9 271.1666375731429 564.2921060851907 3934.5009765625 0.373046875 357.1597459920108 7103
90 604.9 424.9820137093295 863.1828449721436 10706.93896484375 0.37109375 317.1543690216611 13282
100 616.9 711.4888959350685 2130.5384430481135 17454.059814453125 0.37109375 350.895480330735 19331
110 615.3 1858.0581890709445 5321.147318741737 33433.759033203125 0.37109375 438.13080507046567 25500
120 594.2 3164.4502949491557 9380.878254513394 34959.30517578125 0.37109375 714.1492928521909 31653
130 567.5 2340.3734382313432 8091.34939655895 35927.91015625 0.37109375 1101.4265519148366 37595
140 238.5 1765.3214112863593 9969.763578578853 64617.551025390625 0.37109375 1263.9184303489983 43270
150 199 10995.969229693392 23628.946819097546 67249.02905273438 0.37109375 1290.1115331753176 45655
160 414.2 5599.34304486859 17492.859766368416 67249.02905273438 0.37109375 1695.4983904755795 47645
170 204.9 67.09094089342355 106.08965422366937 67249.02905273438 0.37109375 2007.733595420756 51787
180 29.4 4.326675103635203 1.8977367625533055 67249.02905273438 0.37109375 1933.8726696624065 53836
190 2.1 5.235921223958333 1.9884183007696596 67249.02905273438 0.37109375 1923.3925935050024 54130
200 0.2 3.8294677734375 0.2525634765625 67249.02905273438 0.37109375 1922.6487237681943 54151
210 0 0 0 67249.02905273438 0.37109375 1922.5778571770174 54153
213 0 0 0 67249.02905273438 0.37109375 1922.5778571770174 54153
