20 0.3 10360.293701171875 1787.905439317784 12620.612060546875 8248.742919921875 0 0
30 1.2 14198.039733886719 4402.175472441328 19154.385986328125 4358.1669921875 10360.293701171875 3
40 3 12191.79697265625 3941.9496247197303 20175.94091796875 4045.85107421875 13430.49052734375 15
50 2.6 13943.406419020434 6078.295245295139 34427.718994140625 4045.85107421875 12604.69482421875 45
60 3.4 20469.17435948989 4186.247689460322 34427.718994140625 4045.85107421875 13094.92723921655 71
70 18.9 16338.053329871458 5835.270238793333 34427.718994140625 4045.85107421875 15482.778687686012 105
80 40.7 15257.488446809735 6120.185319590578 41591.700927734375 3440.551025390625 16032.598100519512 294
90 57 16279.217176363762 5029.03346632258 41591.700927734375 3440.551025390625 15582.570099007558 701
100 56.7 17733.131998697918 4936.3484664968255 41591.700927734375 3440.551025390625 15894.992470441888 1271
110 53.4 19843.307550437443 5130.070136585873 46587.27001953125 3440.551025390625 16462.03551316287 1838
120 56.3 27735.15938696854 5146.183919710384 53143.090087890625 3440.551025390625 17223.249369783705 2372
130 53.1 40199.201214634144 5873.554899639173 54581.2958984375 3440.551025390625 19239.673676316947 2935
140 51.5 48407.36179317732 4463.782734477962 63578.553955078125 3440.551025390625 22450.726510375353 3466
150 18.6 55418.475893082155 4917.817208008028 74812.52514648438 3440.551025390625 25808.593169667747 3981
160 19.5 75393.07483097957 5621.946101283175 84661.912109375 3440.551025390625 27130.272600086533 4167
170 40.5 78920.99052071264 4450.020782742755 92927.77905273438 3440.551025390625 29287.825657175974 4362
180 14.2 84728.484375 4069.5054379176445 101943.35717773438 3440.551025390625 33504.614364902496 4767
190 1.3 91426.55889423077 2523.096419993963 101943.35717773438 3440.551025390625 34986.33967381141 4909
200 0.1 110045.60009765625 0.0 110045.60009765625 3440.551025390625 35135.409736766596 4922
210 0 0 0 110045.60009765625 3440.551025390625 35150.62610693943 4923
213 0 0 0 110045.60009765625 3440.551025390625 35150.62610693943 4923
