10 126.27578125 126.27578125
20 250.14609375 376.421875
30 697.865625 1074.2875
40 1257.4484375 2331.7359375
50 1196.63203125 3528.36796875
60 1788.825 5317.19296875
70 3038.5125 8355.70546875
80 5024.08203125 13379.7875
90 5850.31875 19230.10625
100 5800.1875 25030.29375
110 5657.45234375 30687.74609375
120 5725.00859375 36412.7546875
130 6111.24453125 42523.99921875
140 4641.684375 47165.68359375
150 1727.53671875 48893.2203125
160 4653.31875 53546.5390625
170 4361.61328125 57908.15234375
180 373.3796875 58281.53203125
190 21.40078125 58302.9328125
200 2.38203125 58305.31484375
210 0 58305.31484375
213 0 58305.31484375
