10 18.71015625 18.71015625
20 37.49296875 56.203125
30 119.66640625 175.86953125
40 220.58984375 396.459375
50 205.55546875 602.01484375
60 484.040625 1086.05546875
70 1002.85234375 2088.9078125
80 1375.75625 3464.6640625
90 1580.39765625 5045.06171875
100 1708.43359375 6753.4953125
110 1648.1171875 8401.6125
120 1654.93125 10056.54375
130 1557.3484375 11613.8921875
140 808.45234375 12422.34453125
150 483.79140625 12906.1359375
160 1042.8828125 13949.01875
170 681.5921875 14630.6109375
180 113.8953125 14744.50625
190 8.15390625 14752.66015625
200 0.290625 14752.95078125
210 0 14752.95078125
213 0 14752.95078125
