10 0.9 288.9926486545139 673.7376423203909 2155.843994140625 1.2958984375 0 0
20 0.6 1.4124755859375 0.07210939720762385 2155.843994140625 1.2958984375 288.9926486545139 9
30 0 0 0 2155.843994140625 1.2958984375 173.96057942708333 15
40 0 0 0 2155.843994140625 1.2958984375 173.96057942708333 15
50 0 0 0 2155.843994140625 1.2958984375 173.96057942708333 15
60 0 0 0 2155.843994140625 1.2958984375 173.96057942708333 15
70 0 0 0 2155.843994140625 1.2958984375 173.96057942708333 15
80 0 0 0 2155.843994140625 1.2958984375 173.96057942708333 15
90 0 0 0 2155.843994140625 1.2958984375 173.96057942708333 15
100 0 0 0 2155.843994140625 1.2958984375 173.96057942708333 15
110 0 0 0 2155.843994140625 1.2958984375 173.96057942708333 15
120 0 0 0 2155.843994140625 1.2958984375 173.96057942708333 15
130 0 0 0 2155.843994140625 1.2958984375 173.96057942708333 15
140 0 0 0 2155.843994140625 1.2958984375 173.96057942708333 15
150 0 0 0 2155.843994140625 1.2958984375 173.96057942708333 15
160 0.1 2.822998046875 0.0 2155.843994140625 1.2958984375 173.96057942708333 15
170 0 0 0 2155.843994140625 1.2958984375 163.2644805908203 16
180 0 0 0 2155.843994140625 1.2958984375 163.2644805908203 16
190 0 0 0 2155.843994140625 1.2958984375 163.2644805908203 16
195 0 0 0 2155.843994140625 1.2958984375 163.2644805908203 16
