10 1.5 887.8642415364583 684.4084835543543 2557.094970703125 40.3701171875 0 0
20 4.4 582.4717462713069 984.7689594901308 4824.662109375 23.889892578125 887.8642415364583 15
30 2.2 125.6960782137784 314.8561798382193 4824.662109375 22.733154296875 660.113906084481 59
40 1.6 34.009765625 11.2921388872741 4824.662109375 21.330078125 514.9633849344136 81
50 0.3 25.335611979166668 2.6806260946827996 4824.662109375 21.330078125 435.6308291720361 97
60 0.1 24.502197265625 0.0 4824.662109375 21.330078125 423.32197265625 100
70 0.1 27.52001953125 0.0 4824.662109375 21.330078125 419.3732620088181 101
80 0.2 24.7900390625 3.278076171875 4824.662109375 21.330078125 415.53156355315565 102
90 0 0 0 4824.662109375 21.330078125 408.0173034667969 104
100 0 0 0 4824.662109375 21.330078125 408.0173034667969 104
110 0 0 0 4824.662109375 21.330078125 408.0173034667969 104
120 0 0 0 4824.662109375 21.330078125 408.0173034667969 104
130 0 0 0 4824.662109375 21.330078125 408.0173034667969 104
140 0 0 0 4824.662109375 21.330078125 408.0173034667969 104
150 0 0 0 4824.662109375 21.330078125 408.0173034667969 104
160 0.1 30.0859375 0.0 4824.662109375 21.330078125 408.0173034667969 104
170 0 0 0 4824.662109375 21.330078125 404.41795712425596 105
180 0 0 0 4824.662109375 21.330078125 404.41795712425596 105
190 0 0 0 4824.662109375 21.330078125 404.41795712425596 105
195 0 0 0 4824.662109375 21.330078125 404.41795712425596 105
