10 2.4 575.477793375651 605.5528432284653 2557.094970703125 7.3779296875 0 0
20 6.1 412.014404296875 846.130674690617 4824.662109375 6.283935546875 575.477793375651 24
30 2.6 106.34493314302884 270.30822858374836 4824.662109375 6.283935546875 458.16877297794116 85
40 1.6 34.009765625 11.2921388872741 4824.662109375 6.283935546875 375.7595852688626 111
50 0.3 25.335611979166668 2.6806260946827996 4824.662109375 6.283935546875 332.7044898806594 127
60 0.1 24.502197265625 0.0 4824.662109375 6.283935546875 325.6113619290865 130
70 0.1 27.52001953125 0.0 4824.662109375 6.283935546875 323.31281868738074 131
80 0.2 24.7900390625 3.278076171875 4824.662109375 6.283935546875 321.0719641483191 132
90 0 0 0 4824.662109375 6.283935546875 316.64984586345616 134
100 0 0 0 4824.662109375 6.283935546875 316.64984586345616 134
110 0 0 0 4824.662109375 6.283935546875 316.64984586345616 134
120 0 0 0 4824.662109375 6.283935546875 316.64984586345616 134
130 0 0 0 4824.662109375 6.283935546875 316.64984586345616 134
140 0 0 0 4824.662109375 6.283935546875 316.64984586345616 134
150 0 0 0 4824.662109375 6.283935546875 316.64984586345616 134
160 0.1 30.0859375 0.0 4824.662109375 6.283935546875 316.64984586345616 134
170 0 0 0 4824.662109375 6.283935546875 314.5271502459491 135
180 0 0 0 4824.662109375 6.283935546875 314.5271502459491 135
190 0 0 0 4824.662109375 6.283935546875 314.5271502459491 135
195 0 0 0 4824.662109375 6.283935546875 314.5271502459491 135
