30 0.3 19211.875244140625 397.92279077359296 19596.85986328125 18663.919921875 0 0
40 0.5 29360.516162109376 5822.819668550415 38203.847900390625 18663.919921875 19211.875244140625 3
50 0.1 29652.906982421875 0.0 38203.847900390625 18663.919921875 25554.775817871094 8
60 0.2 53104.887939453125 2896.053955078125 56000.94189453125 18663.919921875 26010.123725043402 9
70 0.1 59485.926025390625 0.0 59485.926025390625 18663.919921875 30936.444491299717 11
80 0.1 63227.9169921875 0.0 63227.9169921875 18663.919921875 33315.56795247396 12
90 0 0 0 63227.9169921875 18663.919921875 35616.517878605766 13
100 0 0 0 63227.9169921875 18663.919921875 35616.517878605766 13
110 0.1 88049.9599609375 0.0 88049.9599609375 18663.919921875 35616.517878605766 13
120 0 0 0 88049.9599609375 18663.919921875 39361.76374162947 14
130 0 0 0 88049.9599609375 18663.919921875 39361.76374162947 14
140 0 0 0 88049.9599609375 18663.919921875 39361.76374162947 14
150 0 0 0 88049.9599609375 18663.919921875 39361.76374162947 14
160 0 0 0 88049.9599609375 18663.919921875 39361.76374162947 14
170 0 0 0 88049.9599609375 18663.919921875 39361.76374162947 14
180 0.1 159454.8759765625 0.0 159454.8759765625 18663.919921875 39361.76374162947 14
190 0 0 0 159454.8759765625 18663.919921875 47367.97122395833 15
195 0 0 0 159454.8759765625 18663.919921875 47367.97122395833 15
