10 0.7 546.9532645089286 865.9260969511312 2077.10205078125 1.5859375 0 0
20 0.8 1.999359130859375 0.35768538673204203 2077.10205078125 1.583984375 546.9532645089286 7
30 0 0 0 2077.10205078125 1.583984375 256.311181640625 15
40 0 0 0 2077.10205078125 1.583984375 256.311181640625 15
50 0 0 0 2077.10205078125 1.583984375 256.311181640625 15
60 0 0 0 2077.10205078125 1.583984375 256.311181640625 15
70 0 0 0 2077.10205078125 1.583984375 256.311181640625 15
80 0 0 0 2077.10205078125 1.583984375 256.311181640625 15
90 0 0 0 2077.10205078125 1.583984375 256.311181640625 15
100 0 0 0 2077.10205078125 1.583984375 256.311181640625 15
110 0 0 0 2077.10205078125 1.583984375 256.311181640625 15
120 0 0 0 2077.10205078125 1.583984375 256.311181640625 15
130 0 0 0 2077.10205078125 1.583984375 256.311181640625 15
135 0 0 0 2077.10205078125 1.583984375 256.311181640625 15
