10 1.6 646.0905456542969 705.9550682514335 2249.60986328125 43.916015625 0 0
20 3.5 275.0017299107144 324.9339452950153 2249.60986328125 19.630126953125 646.0905456542969 16
30 1.9 31.436703330592106 15.87998507934814 2249.60986328125 7.218994140625 391.42175053615205 51
40 1.6 23.607574462890625 12.398560323532 2249.60986328125 5.68505859375 293.71152343750003 70
50 1 20.892431640625 8.142538370212453 2249.60986328125 5.68505859375 243.4596259538518 86
60 0.2 15.75 0.27099609375 2249.60986328125 5.68505859375 220.27554321289065 96
70 0.4 19.8184814453125 1.6131369824132575 2249.60986328125 5.68505859375 216.10155253507656 98
80 0.1 29.510009765625 0.0 2249.60986328125 5.68505859375 208.40417719822307 102
90 0.1 28.399169921875 0.0 2249.60986328125 5.68505859375 206.66734062120756 103
100 0 0 0 2249.60986328125 5.68505859375 204.95322359525244 104
110 0 0 0 2249.60986328125 5.68505859375 204.95322359525244 104
120 0.1 8.843994140625 0.0 2249.60986328125 5.68505859375 204.95322359525244 104
130 0 0 0 2249.60986328125 5.68505859375 203.08551664806552 105
135 0 0 0 2249.60986328125 5.68505859375 203.08551664806552 105
