10 2.6 397.55237755408655 539.4544773321487 2249.60986328125 8.403076171875 0 0
20 5.5 174.96585138494325 236.86713197290123 2249.60986328125 8.154052734375 397.55237755408655 26
30 1.9 31.436703330592106 15.87998507934814 2249.60986328125 7.218994140625 246.4133783034337 81
40 1.6 23.607574462890625 12.398560323532 2249.60986328125 5.68505859375 205.56781005859378 100
50 1 20.892431640625 8.142538370212453 2249.60986328125 5.68505859375 180.46984652815198 116
60 0.2 15.75 0.27099609375 2249.60986328125 5.68505859375 167.80497233072919 126
70 0.4 19.8184814453125 1.6131369824132575 2249.60986328125 5.68505859375 165.42911338806155 128
80 0.1 29.510009765625 0.0 2249.60986328125 5.68505859375 161.01666999585703 132
90 0.1 28.399169921875 0.0 2249.60986328125 5.68505859375 160.0278981144267 133
100 0 0 0 2249.60986328125 5.68505859375 159.04559417269124 134
110 0 0 0 2249.60986328125 5.68505859375 159.04559417269124 134
120 0.1 8.843994140625 0.0 2249.60986328125 5.68505859375 159.04559417269124 134
130 0 0 0 2249.60986328125 5.68505859375 157.93298972800926 135
135 0 0 0 2249.60986328125 5.68505859375 157.93298972800926 135
