40 0.1 22119.8779296875 0 22119.8779296875 22119.8779296875 0 0
50 0.3 36485.257649739586 3366.2783881596797 40424.929931640625 22119.8779296875 22119.8779296875 1
60 0.4 48688.664306640625 2484.7594343303563 52066.959228515625 22119.8779296875 32893.91271972656 4
70 0.4 52519.17449951172 4950.010851647442 58971.905029296875 22119.8779296875 40791.288513183594 8
80 0.1 63207.947021484375 0.0 63207.947021484375 22119.8779296875 44700.58384195963 12
90 0.1 71178.97998046875 0.0 71178.97998046875 22119.8779296875 46124.22716346154 13
100 0 0 0 71178.97998046875 22119.8779296875 47913.85236467634 14
110 0 0 0 71178.97998046875 22119.8779296875 47913.85236467634 14
120 0.1 118331.89599609375 0.0 118331.89599609375 22119.8779296875 47913.85236467634 14
130 0 0 0 118331.89599609375 22119.8779296875 52608.38860677083 15
135 0 0 0 118331.89599609375 22119.8779296875 52608.38860677083 15
