10 1.4 388.3518589564732 658.9873881689495 2115.273193359375 0.9130859375 0 0
20 0.2 1.407470703125 0.03466796875 2115.273193359375 0.9130859375 388.3518589564732 14
30 0.7 1.3303571428571428 0.09222058573691541 2115.273193359375 0.9130859375 339.9838104248047 16
40 0.2 1.3760986328125 0.0509033203125 2115.273193359375 0.9130859375 236.91536812160325 23
50 0.2 1.5445556640625 0.0274658203125 2115.273193359375 0.9130859375 218.0722265625 25
60 0 0 0 2115.273193359375 0.9130859375 202.03313982928242 27
70 0 0 0 2115.273193359375 0.9130859375 202.03313982928242 27
80 0 0 0 2115.273193359375 0.9130859375 202.03313982928242 27
90 0 0 0 2115.273193359375 0.9130859375 202.03313982928242 27
100 0 0 0 2115.273193359375 0.9130859375 202.03313982928242 27
110 0 0 0 2115.273193359375 0.9130859375 202.03313982928242 27
120 0 0 0 2115.273193359375 0.9130859375 202.03313982928242 27
130 0 0 0 2115.273193359375 0.9130859375 202.03313982928242 27
140 0 0 0 2115.273193359375 0.9130859375 202.03313982928242 27
150 0 0 0 2115.273193359375 0.9130859375 202.03313982928242 27
160 0 0 0 2115.273193359375 0.9130859375 202.03313982928242 27
166 0 0 0 2115.273193359375 0.9130859375 202.03313982928242 27
