10 2.6 450.54129732572125 572.8469267599407 2439.946044921875 11.157958984375 0 0
20 4.8 101.40786234537761 164.95700632685268 2439.946044921875 8.42919921875 450.54129732572125 26
30 3.1 155.77741462953628 202.86087446413734 2439.946044921875 8.177001953125 224.07636652766047 74
40 3.6 100.87040201822911 166.3567074095926 2439.946044921875 8.177001953125 203.9119140625 105
50 1.4 106.2279052734375 160.86915894996287 2439.946044921875 8.177001953125 177.60344290226064 141
60 1.8 48.16333007812501 112.18558654942075 2439.946044921875 8.177001953125 171.1566201486895 155
70 0.6 16.659912109375 12.847617568671797 2439.946044921875 8.177001953125 158.3596304303649 173
80 0.5 16.78359375 12.768401194106094 2439.946044921875 8.177001953125 153.60991920172836 179
90 0.1 10.718017578125 0.0 2439.946044921875 8.177001953125 149.89181253184444 184
100 0.1 10.43505859375 0.0 2439.946044921875 8.177001953125 149.1395217483108 185
110 0.1 11.18115234375 0.0 2439.946044921875 8.177001953125 148.393798828125 186
120 0.1 11.32421875 0.0 2439.946044921875 8.177001953125 147.66004136029412 187
130 0.1 10.837890625 0.0 2439.946044921875 8.177001953125 146.9348508144947 188
140 0 0 0 2439.946044921875 8.177001953125 146.21476107804236 189
150 0 0 0 2439.946044921875 8.177001953125 146.21476107804236 189
160 0 0 0 2439.946044921875 8.177001953125 146.21476107804236 189
166 0 0 0 2439.946044921875 8.177001953125 146.21476107804236 189
