10 4.6 260.516697095788 475.98194894868743 2439.946044921875 5.7099609375 0 0
20 5.8 79.22738331761853 111.72718063070862 2439.946044921875 5.7099609375 260.516697095788 46
30 4 120.85021972656246 178.6251840288497 2439.946044921875 5.541015625 159.4130413348858 104
40 4.5 80.55665147569444 127.64396798676172 2439.946044921875 5.541015625 148.7011464436849 144
50 1.8 82.59935167100694 121.91909746500855 2439.946044921875 5.541015625 132.47626668940146 189
60 2 43.3364990234375 88.34535485325978 2439.946044921875 5.541015625 128.13914364432367 207
70 0.6 16.659912109375 12.847617568671797 2439.946044921875 5.541015625 120.66754499931167 227
80 0.5 16.78359375 12.768401194106094 2439.946044921875 5.541015625 117.98923685622317 233
90 0.1 10.718017578125 0.0 2439.946044921875 5.541015625 115.86306788340336 238
100 0.1 10.43505859375 0.0 2439.946044921875 5.541015625 115.4231304344273 239
110 0.1 11.18115234375 0.0 2439.946044921875 5.541015625 114.98568013509114 240
120 0.1 11.32421875 0.0 2439.946044921875 5.541015625 114.55495595338434 241
130 0.1 10.837890625 0.0 2439.946044921875 5.541015625 114.12838265915548 242
140 0 0 0 2439.946044921875 5.541015625 113.7033189059285 243
150 0 0 0 2439.946044921875 5.541015625 113.7033189059285 243
160 0 0 0 2439.946044921875 5.541015625 113.7033189059285 243
166 0 0 0 2439.946044921875 5.541015625 113.7033189059285 243
