30 0.2 21944.869995117188 1671.9710693359375 23616.841064453125 20272.89892578125 0 0
40 0.7 31028.037981305803 3271.3650334095737 35131.97412109375 20272.89892578125 21944.869995117188 2
50 0.3 39918.59171549479 1423.4239962511642 41892.833984375 20272.89892578125 29009.556206597223 9
60 0.6 34255.77197265625 12191.424178093148 51142.969970703125 18383.912841796875 31736.815083821613 12
70 0.1 40878.944091796875 0.0 51142.969970703125 18383.912841796875 32576.467380099828 18
80 0.2 51266.906005859375 1877.055908203125 53143.9619140625 18383.912841796875 33013.4398386102 19
90 0.2 69582.38647460938 11748.508544921875 81330.89501953125 18383.912841796875 34751.86518787203 21
100 0.1 57679.9541015625 0.0 81330.89501953125 18383.912841796875 37780.606169327446 23
110 0.1 84753.90576171875 0.0 84753.90576171875 18383.912841796875 38609.745666503906 24
120 0.1 63803.868896484375 0.0 84753.90576171875 18383.912841796875 40455.5120703125 25
130 0.1 81791.88720703125 0.0 84753.90576171875 18383.912841796875 41353.52579439603 26
140 0 0 0 84753.90576171875 18383.912841796875 42851.24288375289 27
150 0 0 0 84753.90576171875 18383.912841796875 42851.24288375289 27
160 0 0 0 84753.90576171875 18383.912841796875 42851.24288375289 27
166 0 0 0 84753.90576171875 18383.912841796875 42851.24288375289 27
