10 0.9 9
20 0.4 13
30 0.9 22
40 0.9 31
50 1.1 42
60 2.9 71
70 3.3 104
80 3.6 140
90 3.6 176
100 4.7 223
110 7.4 297
120 7.5 372
130 12.4 496
140 14.2 638
150 15.4 792
160 24.1 1033
170 30.4 1337
180 35.2 1689
190 43.9 2128
200 61.4 2742
210 59.7 3339
220 58.4 3923
230 64.6 4569
240 60.7 5176
250 60.5 5781
260 59.4 6375
270 57.7 6952
280 60.1 7553
290 65.8 8211
300 63.9 8850
310 66.9 9519
320 65.1 10170
330 68.4 10854
340 54.8 11402
350 0.2 11404
360 3.4 11438
370 16.9 11607
380 13.5 11742
390 10 11842
400 8.3 11925
410 0.1 11926
420 0 11926
430 0 11926
440 0 11926
450 0 11926
454 0 11926
