10 0.9 822.4455837673611 939.3930118581872 2161.10986328125 1.194091796875 0 0
20 0.4 1.471435546875 0.06476701539391234 2161.10986328125 1.194091796875 822.4455837673611 9
30 0.9 1.4541286892361112 0.10015985933317502 2161.10986328125 1.194091796875 569.8381535456731 13
40 0.9 1.4187825520833333 0.10202696145537708 2161.10986328125 1.1572265625 337.31741610440343 22
50 1.1 2.706298828125 3.972899804833666 2161.10986328125 1.0048828125 239.79845797631052 31
60 2.9 1.2733785695043105 0.16593723456845533 2161.10986328125 0.965087890625 177.70289248511907 42
70 3.3 1.2599875710227273 0.2899904804229108 2161.10986328125 0.9111328125 105.64013328014966 71
80 3.6 1.1824612087673612 0.20245470936998 2161.10986328125 0.89501953125 72.51951012244592 104
90 3.6 1.2272610134548612 0.22520443253911676 2161.10986328125 0.89501953125 54.175697544642865 140
100 4.7 1.2878781582446808 0.24112532366072562 2161.10986328125 0.89501953125 43.345335526899866 176
110 7.4 1.465539880701014 1.367476233953881 2161.10986328125 0.89501953125 34.481207740681064 223
120 7.5 1.198857421875 0.26237323170466326 2161.10986328125 0.864990234375 26.255081741898156 297
130 12.4 1.0387592930947576 0.2087675743333717 2161.10986328125 0.847900390625 21.20342361286123 372
140 14.2 1.0172944404709505 0.45163136740503784 2161.10986328125 0.81884765625 16.16225753291961 496
150 15.4 1.0258535409902594 0.2813661593729741 2161.10986328125 0.81884765625 12.791435026449847 638
160 24.1 1.0586758055627594 0.2112461911933206 2161.10986328125 0.81884765625 10.503683070943815 792
170 30.5 1.0216180519979505 0.20383419882234358 2161.10986328125 0.81884765625 8.300152818323452 1033
180 35.1 1.5648238570601851 3.127655595596978 2161.10986328125 0.81884765625 6.640995042741033 1338
190 45.2 3.708644630634679 6.1310823326615465 2161.10986328125 0.81884765625 5.586089130263841 1689
200 60.1 4.212488463238345 7.380530598448725 2161.10986328125 0.81884765625 5.18972999255605 2141
210 60.7 9.029066811676271 10.815474588146241 2161.10986328125 0.81884765625 4.975535186166574 2742
220 81.8 11.997633507315854 61.643959813549884 2161.10986328125 0.52099609375 5.7102302284730495 3349
230 77 951.4776199142651 1349.7277805400395 7038.68603515625 0.52099609375 6.944474500633696 4167
240 80.5 2217.78803923234 3156.538940271073 15070.31201171875 0.52099609375 154.2587386222655 4937
250 93.5 2984.5033482515873 4264.13906522446 15070.31201171875 0.52099609375 443.5553403274397 5742
260 121.7 3439.337001327226 5160.384798955008 31103.44189453125 0.52099609375 799.3717829527321 6677
270 130.3 5141.2966046278425 7195.753426359848 31115.532958984375 0.52099609375 1206.3692076755292 7894
280 123.1 7643.719551836353 8997.625749268318 31115.532958984375 0.52099609375 1763.8564750702085 9197
290 101.2 24825.66746189283 12895.04506718862 63182.61083984375 0.52099609375 2457.9599894065263 10428
300 76.6 39129.04015858308 13943.75138965706 63182.653076171875 0.52099609375 4436.641804280314 11440
310 54 50305.158297164366 15707.942334913874 63183.01806640625 0.52099609375 6613.798705754664 12206
320 59.8 63130.29022114731 23.735349807001835 63192.01513671875 0.52099609375 8464.837006347889 12746
330 59.2 63132.088607788086 24.416431488504436 63196.93896484375 0.52099609375 10914.622754433174 13344
340 35 63133.449700055804 22.449122994215855 63196.93896484375 0.52099609375 13132.815907790387 13936
350 0 0 0 63196.93896484375 0.52099609375 14357.806935880328 14286
360 3.3 1.9494702888257576 0.5593420788617428 63196.93896484375 0.52099609375 14357.806935880328 14286
370 17.3 2.02177931945448 1.83034980321869 63196.93896484375 0.52099609375 14324.721993051602 14319
380 13.8 1.7466404127038044 0.49133399439926684 63196.93896484375 0.52099609375 14153.743029694187 14492
390 11 2.73587979403409 2.644412925561049 63196.93896484375 0.52099609375 14020.251881251204 14630
400 6.6 7.5535481770833375 10.147047923463717 63196.93896484375 0.52099609375 13915.64355288212 14740
410 0.1 1.508056640625 0.0 63196.93896484375 0.52099609375 13853.646123440642 14806
420 0 0 0 63196.93896484375 0.52099609375 13852.710610638129 14807
430 0 0 0 63196.93896484375 0.52099609375 13852.710610638129 14807
440 0 0 0 63196.93896484375 0.52099609375 13852.710610638129 14807
450 0 0 0 63196.93896484375 0.52099609375 13852.710610638129 14807
454 0 0 0 63196.93896484375 0.52099609375 13852.710610638129 14807
