0 0 0
10 0.9 9
20 0.6 15
30 0.7 22
40 0.9 31
50 1.2 43
60 3 73
70 3.1 104
80 3.7 141
90 3.5 176
100 4.7 223
110 7.6 299
120 7.5 374
130 12.5 499
140 13.9 638
150 15.5 793
160 24.3 1036
170 30.3 1339
180 35 1689
190 44 2129
200 61.4 2743
210 62.4 3367
220 58.1 3948
230 64.6 4594
240 60.7 5201
250 63.8 5839
260 74.7 6586
270 73.8 7324
280 77.5 8099
290 80 8899
300 74.8 9647
310 123.2 10879
320 141.5 12294
330 112.8 13422
340 68.2 14104
350 2.6 14130
360 17.6 14306
370 18.6 14492
380 13.8 14630
390 10.2 14732
400 7.4 14806
410 0.1 14807
420 0 14807
430 0 14807
440 0 14807
450 0 14807
454 0 14807
