10 0.9 842.8955891927084 951.1795193730933 2182.037109375 8.941162109375 0 0
20 0.4 9.2587890625 0.8562002842803089 2182.037109375 7.781982421875 842.8955891927084 9
30 0.9 9.60544162326389 0.2296221409992849 2182.037109375 7.781982421875 586.3919583834135 13
40 0.9 10.377685546875 3.187239106415621 2182.037109375 7.781982421875 350.433837890625 22
50 1.1 11.097500887784092 4.279407046676712 2182.037109375 7.43701171875 251.70785817792338 31
60 2.9 11.4091796875 6.219712425668301 2182.037109375 7.429931640625 188.69085984002976 42
70 3.3 9.205714370265152 1.242566019863833 2182.037109375 7.429931640625 116.28003273547536 71
80 3.6 9.241075303819445 1.4032832574985679 2182.037109375 7.429931640625 82.30452786959134 104
90 3.6 9.680962456597221 1.887145138034605 2182.037109375 7.429931640625 63.51678292410714 140
100 4.7 8.850611909906915 1.1701089418430664 2182.037109375 7.364013671875 52.50491055575284 176
110 7.4 10.341080949113175 6.245381791129899 2182.037109375 7.26318359375 43.304228778377244 223
120 7.5 9.222347005208333 1.2374468701021537 2182.037109375 7.26318359375 35.09118857849327 297
130 12.4 9.05157470703125 3.0536224988715897 2182.037109375 7.175048828125 29.875696325814854 372
140 14.2 8.687606596610916 2.7749589084616075 2182.037109375 7.155029296875 24.669665921118952 496
150 15.4 8.408937132203734 1.5882851291907538 2182.037109375 7.155029296875 21.11253046017829 638
160 24.1 9.41150966026971 4.364895665149868 2182.037109375 7.155029296875 18.642387313072128 792
170 30.4 9.520843505859379 4.323943236516557 2182.037109375 7.155029296875 16.48881372708434 1033
180 35.2 16.163336320356887 23.441799302440767 2182.037109375 7.155029296875 14.90447345240043 1337
190 43.8 77.69465142515696 98.16027363210836 2182.037109375 7.155029296875 15.166829716178212 1689
200 61.5 47.613111740980735 52.68617298630806 2182.037109375 7.155029296875 28.042798643556065 2127
210 59.7 232.96301862502648 146.67026619788902 2182.037109375 7.155029296875 32.43220147175307 2742
220 58.2 747.8489209991143 854.0209272850525 2742.60302734375 7.155029296875 68.28631882440483 3339
230 64.8 4036.9428435902537 1188.8822740169906 10749.85693359375 7.155029296875 169.15483054735327 3921
240 60.7 5810.325061377032 2477.864501428402 17482.552978515625 7.155029296875 717.7051987793077 4569
250 63.5 7858.827136903297 5309.207888193913 30200.998779296875 7.155029296875 1314.9270412439173 5176
260 74.4 11092.17198394448 9304.149891771924 36246.936767578125 7.155029296875 2030.0150744126845 5811
270 74.3 12201.153024912212 10276.584640747069 45274.20703125 7.155029296875 3058.5802522451263 6555
280 77 13042.742511541184 10971.042978923344 48898.203125 7.155029296875 3989.3738354311563 7298
290 81.4 24035.679066651017 12464.55397813282 68353.34399414063 7.155029296875 4853.41621032019 8068
300 74 38000.953688173024 14844.86570399432 73993.126953125 7.155029296875 6611.394364458142 8882
310 120.9 48152.68963789643 13257.122567193801 87528.64697265625 7.155029296875 9025.473963247272 9622
320 143.6 61076.722693143114 9659.649241040448 91358.03491210938 7.155029296875 13393.011933023916 10831
330 112.8 65262.37716306861 5986.63062324204 94399.03198242188 7.155029296875 18974.964215695407 12267
340 70.9 65685.46388302748 4999.9381733507835 94399.03198242188 7.155029296875 22872.851621789992 13395
350 2.5 108805.98051757812 7547.660225966854 119716.17797851563 7.155029296875 25025.01711336808 14104
360 17.4 91166.82492030351 44562.61953678394 137773.48608398438 7.155029296875 25173.260024055693 14129
370 18.5 10301.1791398332 33328.900173991846 137773.48608398438 7.155029296875 25976.090219954953 14303
380 13.4 46.446915811567166 27.131391228184512 137773.48608398438 7.155029296875 25775.934328884927 14488
390 10 67.10473876953122 41.949055088227226 137773.48608398438 7.155029296875 25540.14228174009 14622
400 8.4 117.88666062127979 92.30374206215467 137773.48608398438 7.155029296875 25367.115264059266 14722
410 0.1 70.8662109375 0.0 137773.48608398438 7.155029296875 25223.866905104194 14806
420 0 0 0 137773.48608398438 7.155029296875 25222.16818148063 14807
430 0 0 0 137773.48608398438 7.155029296875 25222.16818148063 14807
440 0 0 0 137773.48608398438 7.155029296875 25222.16818148063 14807
450 0 0 0 137773.48608398438 7.155029296875 25222.16818148063 14807
454 0 0 0 137773.48608398438 7.155029296875 25222.16818148063 14807
