10 0.9 845.3893500434028 951.9602767594765 2189.535888671875 10.8740234375 0 0
20 0.6 11.308146158854166 0.7261385267440322 2189.535888671875 9.748046875 845.3893500434028 9
30 0.7 11.537562779017858 0.18014361517048638 2189.535888671875 9.748046875 511.7568684895833 15
40 0.9 12.31448025173611 3.1803665340954055 2189.535888671875 9.748046875 352.5961803089489 22
50 1.2 12.911824544270834 4.111979408457424 2189.535888671875 9.414794921875 253.80471900201613 31
60 3 13.296744791666667 6.12544146579533 2189.535888671875 9.414794921875 186.57879496729652 43
70 3.1 11.162818170362904 1.2613896889437097 2189.535888671875 9.414794921875 115.36699352525685 73
80 3.7 11.266040698902026 1.411349357803346 2189.535888671875 9.414794921875 84.30613356370192 104
90 3.5 11.609402901785714 1.8854727201996617 2189.535888671875 9.414794921875 65.1395843722296 141
100 4.7 10.804562832446807 1.1559041290412213 2189.535888671875 9.3701171875 54.49437782981179 176
110 7.6 12.329673365542765 6.1644026691309195 2189.535888671875 9.23095703125 45.28621054337164 223
120 7.5 11.116614583333336 1.1764285247252655 2189.535888671875 9.23095703125 36.90929808345527 299
130 12.5 11.047638671875001 3.036505633724118 2189.535888671875 9.18310546875 31.73696850455381 374
140 13.9 10.671630859375002 2.7951531562664726 2189.535888671875 9.158935546875 26.554270650676354 499
150 15.5 10.399614100302426 1.5632682475593598 2189.535888671875 9.010009765625 23.093946307430446 638
160 24.3 11.389249574009778 4.334530199817659 2189.535888671875 9.010009765625 20.612708612468474 793
170 30.3 11.518108304971122 4.3210151917139425 2189.535888671875 9.010009765625 18.449291096691 1036
180 35 18.187889229910695 23.50317172234129 2189.535888671875 9.010009765625 16.88084570020771 1339
190 44 80.51718971946019 98.70457292512967 2189.535888671875 9.010009765625 17.151695454734675 1689
200 61.4 48.842075211217406 51.32486349608734 2189.535888671875 9.010009765625 30.247429356321913 2129
210 62.4 233.012610019782 143.69783951844346 2189.535888671875 9.010009765625 34.40970152362262 2743
220 58.1 866.3797059050937 935.3142827358532 3591.468994140625 9.010009765625 71.21641815611548 3367
230 64.6 4152.301393113269 1250.9762147702124 10940.885986328125 9.010009765625 188.23512894186936 3948
240 60.7 5843.140922634371 2597.721511024105 20497.43701171875 9.010009765625 745.6549823712825 4594
250 63.8 8014.4582186612215 5541.54688809838 30203.029052734375 9.010009765625 1340.5740298121007 5201
260 74.7 11179.959480173287 9324.481714499601 36248.7138671875 9.010009765625 2069.7978887752342 5839
270 73.8 12211.480604052862 10266.659083044335 45275.971923828125 9.010009765625 3103.0943826674825 6586
280 77.5 13133.990055758564 11032.2171862129 48900.0771484375 9.010009765625 4020.8973634679205 7324
290 80 24647.438918762244 12581.939215544631 68547.24194335938 9.010009765625 4892.936730862074 8099
300 74.8 38169.311405936656 14788.96713056531 80274.162109375 9.010009765625 6668.821858440469 8899
310 123.2 48435.24656043115 13202.424862610824 87530.33618164063 9.010009765625 9111.27714832615 9647
320 141.5 61478.77307655146 9322.130919874036 91360.01000976563 9.010009765625 13564.5476985342 10879
330 112.8 65238.208630717396 6025.334351586364 94401.05200195313 9.010009765625 19079.32148329867 12294
340 68.2 65734.06853872165 4948.826563486645 94401.05200195313 9.010009765625 22958.56635755648 13422
350 2.6 109084.32563664363 7529.128147821447 119718.17797851563 9.010009765625 25026.979041018945 14104
360 17.6 117192.17322470924 11659.600442208755 137775.50415039063 9.010009765625 25181.649317840336 14130
370 18.6 136024.5695393881 4815.016238940172 137775.50415039063 9.010009765625 26313.61158595224 14306
380 13.8 137313.47438823324 49.5463598279358 137775.50415039063 9.010009765625 27721.715241716734 14492
390 10.2 137322.89568254063 64.12763863985342 137775.50415039063 9.010009765625 28755.458424370136 14630
400 7.4 137660.4952194626 2420.133235535329 158323.26000976563 9.010009765625 29507.147169980602 14732
410 0.1 158355.85595703125 0.0 158355.85595703125 9.010009765625 30047.694769309364 14806
420 0 0 0 158355.85595703125 9.010009765625 30056.360141173194 14807
430 0 0 0 158355.85595703125 9.010009765625 30056.360141173194 14807
440 0 0 0 158355.85595703125 9.010009765625 30056.360141173194 14807
450 0 0 0 158355.85595703125 9.010009765625 30056.360141173194 14807
454 0 0 0 158355.85595703125 9.010009765625 30056.360141173194 14807
