10 1.27265625 1.27265625
20 0.565625 1.83828125
30 1.27265625 3.1109375
40 1.27265625 4.38359375
50 1.55546875 5.9390625
60 4.10078125 10.03984375
70 4.66640625 14.70625
80 5.090625 19.796875
90 5.090625 24.8875
100 6.64609375 31.53359375
110 10.4640625 41.99765625
120 10.60546875 52.603125
130 17.534375 70.1375
140 20.0796875 90.2171875
150 21.7765625 111.99375
160 34.07890625 146.07265625
170 43.12890625 189.2015625
180 49.63359375 238.83515625
190 63.915625 302.75078125
200 84.98515625 387.7359375
210 85.83359375 473.56953125
220 115.6703125 589.23984375
230 108.8828125 698.12265625
240 113.83203125 811.9546875
250 132.21484375 944.16953125
260 172.09140625 1116.2609375
270 184.25234375 1300.51328125
280 174.07109375 1474.584375
290 143.103125 1617.6875
300 108.3171875 1726.0046875
310 76.359375 1802.3640625
320 84.5609375 1886.925
330 83.7125 1970.6375
340 49.4921875 2020.1296875
350 0 2020.1296875
360 4.66640625 2024.79609375
370 24.46328125 2049.259375
380 19.5140625 2068.7734375
390 15.5546875 2084.328125
400 9.3328125 2093.6609375
410 0.14140625 2093.80234375
420 0 2093.80234375
430 0 2093.80234375
440 0 2093.80234375
450 0 2093.80234375
454 0 2093.80234375
