10 19.38515625 19.38515625
20 8.615625 28.00078125
30 19.38515625 47.3859375
40 19.38515625 66.77109375
50 23.69296875 90.4640625
60 62.46328125 152.92734375
70 71.07890625 224.00625
80 77.540625 301.546875
90 77.540625 379.0875
100 101.23359375 480.32109375
110 159.3890625 639.71015625
120 161.54296875 801.253125
130 267.70703125 1068.96015625
140 305.8546875 1374.81484375
150 331.7015625 1706.51640625
160 521.58203125 2228.0984375
170 655.41015625 2883.50859375
180 759.4203125 3642.92890625
190 946.52421875 4589.453125
200 1327.765625 5917.21875
210 1295.221875 7212.440625
220 1259.8 8472.240625
230 1411.9203125 9884.1609375
240 1313.64765625 11197.80859375
250 1309.9625 12507.77109375
260 1281.00234375 13788.7734375
270 1251.184375 15039.9578125
280 1295.74296875 16335.70078125
290 1416.36171875 17752.0625
300 1378.5 19130.5625
310 1442.5453125 20573.1078125
320 1406.8375 21979.9453125
330 1473.60859375 23453.55390625
340 1184.98515625 24638.5390625
350 4.3078125 24642.846875
360 73.85546875 24716.70234375
370 364.01015625 25080.7125
380 290.49140625 25371.20390625
390 216.6359375 25587.83984375
400 182.1734375 25770.01328125
410 2.15390625 25772.1671875
420 0 25772.1671875
430 0 25772.1671875
440 0 25772.1671875
450 0 25772.1671875
454 0 25772.1671875
