0 0 0
10 0.9 9
20 0.6 15
30 0.7 22
40 0.9 31
50 1.2 43
60 3 73
70 3.1 104
80 3.8 142
90 3.4 176
100 4.7 223
110 7.6 299
120 7.5 374
130 12.5 499
140 13.9 638
150 15.5 793
160 24.3 1036
170 30.3 1339
180 35 1689
190 45.3 2142
200 60.2 2744
210 63.8 3382
220 89.8 4280
230 121.5 5495
240 124.7 6742
250 187.4 8616
260 247.9 11095
270 250.6 13601
280 120.6 14807
290 0 14807
300 0 14807
310 0 14807
320 0 14807
330 0 14807
340 0 14807
350 0 14807
360 0 14807
370 0 14807
380 0 14807
390 0 14807
400 0 14807
410 0 14807
420 0 14807
430 0 14807
440 0 14807
450 0 14807
454 0 14807
