10 0.7 753.4012974330357 728.9218302276704 2062.041015625 1.9541015625 0 0
20 1.2 1.83782958984375 0.19546055903909468 2062.041015625 1.5849609375 753.4012974330357 7
30 1 2.01064453125 0.24092328792865025 2062.041015625 1.5849609375 278.72963353207234 19
40 1.9 2.0929790296052633 0.31986210061023257 2062.041015625 1.5849609375 183.309292497306 29
50 1.4 1.9541364397321428 0.15370320230259327 2062.041015625 1.5849609375 111.5778350830078 48
60 2.1 2.1124209449404763 0.6780592970446607 2062.041015625 1.529052734375 86.82409667968749 62
70 3.3 1.8417894767992424 0.26254350572017965 2062.041015625 1.529052734375 65.39102209619728 83
80 4.6 1.7657364555027173 0.12870901854998415 2062.041015625 1.529052734375 47.31236109240301 116
90 3.5 1.9191545758928572 0.23886211372751684 2062.041015625 1.529052734375 34.37936891155478 162
100 6 1.847119140625 0.21207219706028402 2062.041015625 1.47802734375 28.61232575547271 197
110 8 1.9529937744140617 2.5513626802788365 2062.041015625 1.471923828125 22.363639386247563 257
120 8.3 1.8075730657003013 0.2314641492738982 2062.041015625 1.471923828125 17.51838226771142 337
130 14 2.734516252790179 4.168343053522801 2062.041015625 1.451904296875 14.413627115885411 420
140 16.3 2.98817640433282 5.619740790530152 2062.041015625 1.44091796875 11.493849400111603 560
150 14.7 1.9302438748937074 2.483772772447581 2062.041015625 1.429931640625 9.576249540758988 723
160 28.1 1.8304395573843417 0.45689359249043304 2062.041015625 1.429931640625 8.284338238595545 870
170 28.2 1.735851098459663 0.18705684539226944 2062.041015625 1.429931640625 6.7087122356239135 1151
180 30.5 1.6820304495389344 0.14793134030753785 2062.041015625 1.4150390625 5.730103135358513 1433
190 51.7 1.6833491371494194 0.4338419601962783 2062.041015625 1.39794921875 5.019710632956342 1738
200 63.2 1.6258985302116298 0.1589983181958359 2062.041015625 1.39794921875 4.254788729039634 2255
210 60.1 1.6141513818115651 0.3787196592666283 2062.041015625 1.364990234375 3.6792921562445873 2887
220 109.7 1.7323050346826574 1.8456840502228073 2062.041015625 1.22412109375 3.323457980374677 3488
230 121.7 6.298896532521051 9.305808635341807 2062.041015625 1.22412109375 2.9427611905329876 4585
240 116.7 6.086452559313408 9.014795785022018 2062.041015625 1.22412109375 3.6467282210740897 5802
250 139.1 313.64395573805945 758.5958710354157 3082.828857421875 1.18505859375 4.0552743973870875 6969
260 129.4 2211.5213898506922 2697.1093382358367 15060.2470703125 1.18505859375 55.56697963002767 8360
270 125.6 3515.189302480904 4498.841419713467 15086.072021484375 1.18505859375 344.54615995171196 9654
280 128.9 9400.411734546215 8155.847815479221 31126.370849609375 1.18505859375 709.5624557369242 10910
290 105.3 23121.1140632883 9065.640092502894 31133.48486328125 1.18505859375 1627.8758191589404 12199
300 32.8 30451.97008309713 4248.557452516234 31133.48486328125 1.18505859375 3335.7221722428685 13252
310 0.6 31063.628295898438 13.55779194217222 31133.48486328125 1.18505859375 3990.665420752456 13580
320 6.6 63145.73058342211 25.477808544600318 63197.973876953125 1.18505859375 4002.6216828789743 13586
330 0 0 0 63197.973876953125 1.18505859375 4288.54646953557 13652
332 0 0 0 63197.973876953125 1.18505859375 4288.54646953557 13652
