10 1.7 614.3777573529412 729.3015486974267 2233.700927734375 12.458984375 0 0
20 4.8 79.0565897623698 121.88108487366048 2233.700927734375 8.517822265625 614.3777573529412 17
30 4 96.6144104003906 165.27722625942542 2233.700927734375 8.517822265625 219.06366436298077 65
40 5.1 135.9199075137868 196.4247181343078 2233.700927734375 8.517822265625 172.41632952008928 105
50 7.7 51.57955813717531 78.13048816854463 2233.700927734375 7.86083984375 160.48480694110577 156
60 7.2 58.335734049479164 72.66246821029135 2233.700927734375 7.86083984375 124.49466034066523 233
70 12.1 86.07936789772725 134.61167798887226 2233.700927734375 7.86083984375 108.87681544569672 305
80 16.3 85.64813344756516 128.0735309338278 2233.700927734375 7.86083984375 102.40148409991197 426
90 14.1 74.82699779753987 102.84223848278742 2233.700927734375 7.69189453125 97.76515785826082 589
100 21.6 76.2584804958767 110.25322615806252 2233.700927734375 7.68798828125 93.33463653146404 730
110 28.3 101.58820809408124 154.08850706205573 2233.700927734375 7.68798828125 89.43564107302127 946
120 35.8 75.52868311365222 121.88803716789313 2233.700927734375 7.52294921875 92.23399458560058 1229
130 43.2 110.9582457365813 112.38334182526913 2233.700927734375 7.52294921875 88.46556263414658 1587
140 60.8 251.5107723035309 203.89889346648442 2233.700927734375 7.52294921875 93.27826154462295 2019
150 65.6 273.10552196967933 181.5138170045789 2233.700927734375 7.52294921875 129.90002269476227 2627
160 68.8 564.0035574269849 538.0171603048672 2233.700927734375 1.228759765625 158.51495035980813 3283
170 114.1 969.8728814756107 778.3937415689992 2638.191162109375 1.203857421875 228.76832776152497 3971
180 120.1 881.9474406500442 744.1792433870133 2638.191162109375 1.203857421875 394.1830961081157 5112
190 176.5 568.9708000896342 794.5090818769386 2638.191162109375 1.176025390625 486.9765346943435 6313
200 244 435.8209403616483 679.612739917501 2638.191162109375 1.176025390625 504.89184521955866 8078
210 247 430.77806411310786 680.6078063910286 2638.191162109375 1.176025390625 488.86855107111774 10518
220 361.6 289.97366191222676 628.4924196676507 2638.191162109375 1.166015625 477.8211609582224 12988
230 480.4 227.00005422523867 560.7551643195941 2638.191162109375 1.14892578125 436.91194892796943 16604
240 478.9 231.8993528361709 579.4335135828309 2795.529052734375 1.14892578125 389.8072804791691 21408
250 482.4 432.920404538586 757.1057413118261 4252.339111328125 1.14892578125 360.94057568540194 26197
260 483.3 965.1986604039764 1610.9768286259073 9824.57080078125 1.14892578125 372.13398319604823 31021
270 488.7 1447.2188073008606 3131.822447177041 17773.98583984375 1.14892578125 452.0771299842983 35854
280 507.6 2751.797148576013 5606.479839471467 32072.9990234375 1.14892578125 571.4472332474985 40741
290 465.1 5986.107171802772 10953.13780261206 36888.9189453125 1.14892578125 813.0050866688823 45817
300 234 5023.359040089151 10906.145317202016 42754.828125 1.14892578125 1289.7447592922817 50468
310 48.4 1368.983593144692 4081.8484793003413 42754.828125 1.14892578125 1455.1866888685709 52808
320 21.3 19833.769985145238 29480.432636196143 64960.19384765625 1.14892578125 1454.4037890274997 53292
330 5.9 17.917348053495772 8.382958848473718 64960.19384765625 1.14892578125 1527.5708762113718 53505
332 0 0 0 64960.19384765625 1.14892578125 1525.90801387545 53564
