10 0.3 5564.415608723958 380.5222771864951 6054.843994140625 5127.35302734375 0 0
20 0.9 6070.857801649306 4151.047283503281 13002.170166015625 715.9521484375 5564.415608723958 3
30 1 7364.753344726562 2591.434050888005 13002.170166015625 715.9521484375 5944.247253417969 12
40 1 6381.692724609375 4097.0739018313225 14575.901123046875 715.9521484375 6589.93184037642 22
50 2.3 6215.840194038723 3109.82238649668 15105.84619140625 715.9521484375 6524.857116699219 32
60 1.7 6571.715676700368 3572.940046568456 15165.841796875 715.9521484375 6395.631858132102 55
70 2.7 5694.384765625 2637.0212536689955 15165.841796875 715.9521484375 6437.207204182942 72
80 3.8 5572.0408550061675 2545.0753583861774 15165.841796875 715.9521484375 6234.619266394413 99
90 3.6 6292.256883409288 3581.198827005664 15165.841796875 715.9521484375 6050.838393162637 137
100 4.7 5876.168472614694 3234.514498761481 17585.7470703125 715.9521484375 6101.075766855582 173
110 6.3 6114.16705031622 3497.001960905959 18237.661865234375 715.9521484375 6053.027390358665 220
120 9.3 6575.651430191532 3816.3912705026587 18237.661865234375 495.3369140625 6066.637986038262 283
130 8.6 6029.409469249635 3363.360143286275 18237.661865234375 495.3369140625 6192.537587916598 376
140 13.8 6127.443286840466 2670.2686811324825 18237.661865234375 495.3369140625 6162.171747645259 462
150 17.4 7065.025477617636 3546.0080870060397 20328.18408203125 495.3369140625 6154.184201660156 600
160 12.5 6988.514874999999 3370.7031169673724 20328.18408203125 495.3369140625 6358.946969123465 774
170 25.5 8695.436422909012 3070.3572271162884 20328.18408203125 495.3369140625 6446.484219662472 899
180 28.5 9794.765409984922 3823.1159428859055 25550.804931640625 495.3369140625 6943.4363962897405 1154
190 41.6 8262.354600172781 3850.4729113827293 25550.804931640625 495.3369140625 7508.154095319015 1439
200 57.5 7546.443878226903 3572.062791334928 25550.804931640625 447.39404296875 7677.29016541021 1855
210 63.3 7610.6180780540335 3582.00331319786 25550.804931640625 447.39404296875 7646.328595397698 2430
220 76.2 6756.041147947938 3693.740509628572 25550.804931640625 390.321044921875 7638.948654986813 3063
230 117.3 6831.3518074731555 3568.224872359365 25550.804931640625 380.034912109375 7463.059630055147 3825
240 118.5 7001.830355641811 3575.1110730018827 25550.804931640625 380.034912109375 7314.801671694068 4998
250 117.4 7282.426670262922 3670.559101070102 25550.804931640625 380.034912109375 7254.819299136746 6183
260 119.1 8793.491583400568 3400.465726609428 25550.804931640625 380.034912109375 7259.224770619977 7357
270 123.1 10593.466152312008 4490.192298181855 27110.218017578125 380.034912109375 7472.995450781616 8548
280 123.4 12636.187789051402 5865.580065640195 37235.098876953125 380.034912109375 7865.80651874193 9779
290 122 21907.72781822328 8413.284554512387 43752.681884765625 380.034912109375 8400.32485957203 11013
300 81.1 33876.26598323346 7288.153945589058 50858.341064453125 380.034912109375 9747.421369794749 12233
310 27.3 41183.892251709854 4170.466417067498 56265.9560546875 380.034912109375 11247.612490731486 13044
320 4.4 64724.85054709695 7515.837937160051 71586.76293945313 380.034912109375 11861.30959779367 13317
330 3 72622.92224121094 3000.99622942753 79499.35302734375 380.034912109375 12035.39804938931 13361
332 0 0 0 79499.35302734375 380.034912109375 12171.132925481808 13391
