10 63.9609375 63.9609375
20 161.5671875 225.528125
30 138.7265625 364.2546875
40 186.6125 550.8671875
50 261.540625 812.4078125
60 250.490625 1062.8984375
70 423.565625 1486.4640625
80 561.56484375 2048.02890625
90 503.5640625 2551.59296875
100 747.47265625 3299.065625
110 999.89921875 4298.96484375
120 1223.5453125 5522.51015625
130 1533.5359375 7056.04609375
140 2111.2796875 9167.32578125
150 2268.478125 11435.80390625
160 2144.46875 13580.27265625
170 2628.0515625 16208.32421875
180 2616.434375 18824.75859375
190 2568.80078125 21393.559375
200 3071.2296875 24464.7890625
210 3106.95234375 27571.74140625
220 3324.11875 30895.86015625
230 3641.12890625 34536.9890625
240 3639.27265625 38176.26171875
250 3644.00234375 41820.2640625
260 3413.265625 45233.5296875
270 3526.9875 48760.5171875
280 3521.75 52282.2671875
290 3487.5640625 55769.83125
300 2866.70234375 58636.53359375
310 1624.27890625 60260.8125
320 752.45078125 61013.26328125
330 193.41796875 61206.68125
332 0 61206.68125
