10 4.9015625 4.9015625
20 15.846875 20.7484375
30 13.203125 33.9515625
40 15.62109375 49.57265625
50 26.36953125 75.9421875
60 23.77890625 99.72109375
70 38.84765625 138.56875
80 53.628125 192.196875
90 45.42109375 237.61796875
100 70.5515625 308.16953125
110 90.24296875 398.4125
120 120.23203125 518.64453125
130 136.725 655.36953125
140 205.7359375 861.10546875
150 211.853125 1072.95859375
160 236.22578125 1309.184375
170 338.82890625 1648.01328125
180 350.70234375 1998.715625
190 438.42578125 2437.14140625
200 558.37109375 2995.5125
210 573.95 3569.4625
220 731.86328125 4301.32578125
230 918.2078125 5219.53359375
240 878.15390625 6097.6875
250 913.54140625 7011.22890625
260 874.9203125 7886.14921875
270 880.75703125 8766.90625
280 884.5078125 9651.4140625
290 826.1234375 10477.5375
300 493.24921875 10970.78671875
310 132.25625 11103.04296875
320 66.79375 11169.83671875
330 23.25859375 11193.0953125
332 0 11193.0953125
