10 0.9 353.6831868489583 743.2071568135406 2316.013916015625 1.380859375 0 0
20 0.6 1.4111328125 0.09407453525471332 2316.013916015625 1.283935546875 353.6831868489583 9
30 0 0 0 2316.013916015625 1.283935546875 212.774365234375 15
40 0 0 0 2316.013916015625 1.283935546875 212.774365234375 15
50 0 0 0 2316.013916015625 1.283935546875 212.774365234375 15
60 0 0 0 2316.013916015625 1.283935546875 212.774365234375 15
70 0 0 0 2316.013916015625 1.283935546875 212.774365234375 15
80 0 0 0 2316.013916015625 1.283935546875 212.774365234375 15
90 0 0 0 2316.013916015625 1.283935546875 212.774365234375 15
100 0 0 0 2316.013916015625 1.283935546875 212.774365234375 15
110 0 0 0 2316.013916015625 1.283935546875 212.774365234375 15
120 0 0 0 2316.013916015625 1.283935546875 212.774365234375 15
130 0 0 0 2316.013916015625 1.283935546875 212.774365234375 15
137 0 0 0 2316.013916015625 1.283935546875 212.774365234375 15
