10 1.5 677.7053548177083 704.2894832016035 2937.93798828125 52.5419921875 0 0
20 3.3 235.50175337357956 227.55185177190077 2937.93798828125 23.723876953125 677.7053548177083 15
30 3 49.714908854166666 49.77173487726169 2937.93798828125 23.074951171875 373.6903788248698 48
40 0.8 39.07000732421875 19.803944817467517 2937.93798828125 23.074951171875 249.08442883613782 78
50 0.8 38.49237060546875 13.288688126678025 2937.93798828125 23.074951171875 229.5482035792151 86
60 0.4 26.17230224609375 2.8179358476738483 2937.93798828125 22.266845703125 213.28813268783244 94
70 0.6 30.722208658854168 3.7439612176096615 2937.93798828125 22.266845703125 205.65075185347575 98
80 0.1 32.73486328125 0.0 2937.93798828125 22.266845703125 195.55872051532452 104
90 0 0 0 2937.93798828125 22.266845703125 194.00801711309524 105
100 0 0 0 2937.93798828125 22.266845703125 194.00801711309524 105
110 0 0 0 2937.93798828125 22.266845703125 194.00801711309524 105
120 0 0 0 2937.93798828125 22.266845703125 194.00801711309524 105
130 0 0 0 2937.93798828125 22.266845703125 194.00801711309524 105
137 0 0 0 2937.93798828125 22.266845703125 194.00801711309524 105
