10 2.5 449.9043359375 596.5637357176754 2937.93798828125 7.0322265625 0 0
20 5.1 131.11230468749997 125.20775984524515 2937.93798828125 6.7451171875 449.9043359375 25
30 3.2 46.60247039794922 35.14589997172886 2937.93798828125 6.7451171875 235.97810444078948 76
40 0.8 39.07000732421875 19.803944817467517 2937.93798828125 6.7451171875 179.8668054651331 108
50 0.8 38.49237060546875 13.288688126678025 2937.93798828125 6.7451171875 170.15668145541488 116
60 0.4 26.17230224609375 2.8179358476738483 2937.93798828125 6.7451171875 161.6622097876764 124
70 0.6 30.722208658854168 3.7439612176096615 2937.93798828125 6.7451171875 157.42815017700195 128
80 0.1 32.73486328125 0.0 2937.93798828125 6.7451171875 151.75474981051772 134
90 0 0 0 2937.93798828125 6.7451171875 150.87312102141203 135
100 0 0 0 2937.93798828125 6.7451171875 150.87312102141203 135
110 0 0 0 2937.93798828125 6.7451171875 150.87312102141203 135
120 0 0 0 2937.93798828125 6.7451171875 150.87312102141203 135
130 0 0 0 2937.93798828125 6.7451171875 150.87312102141203 135
137 0 0 0 2937.93798828125 6.7451171875 150.87312102141203 135
