40 0.4 27065.611450195313 3374.5563579275813 30628.844970703125 22745.93212890625 0 0
50 0 0 0 30628.844970703125 22745.93212890625 27065.611450195313 4
60 0.3 45812.551106770836 5887.948479031023 53146.755126953125 22745.93212890625 27065.611450195313 4
70 0.4 55805.901306152344 5977.148169782131 62781.88720703125 22745.93212890625 35100.01416015625 7
80 0.2 62610.89892578125 1077.991943359375 63688.890869140625 22745.93212890625 42629.42766779119 11
90 0.2 72369.43994140625 2914.449951171875 75283.88989257813 22745.93212890625 45703.50016902043 13
100 0 0 0 75283.88989257813 22745.93212890625 49258.958805338545 15
110 0 0 0 75283.88989257813 22745.93212890625 49258.958805338545 15
120 0 0 0 75283.88989257813 22745.93212890625 49258.958805338545 15
130 0 0 0 75283.88989257813 22745.93212890625 49258.958805338545 15
137 0 0 0 75283.88989257813 22745.93212890625 49258.958805338545 15
